*****************************************
Characterization Data of Cell thesis_oai211
*****************************************

---------------- Timing Data for pin A2 ----------------

Rise Time
            0.05          0.1          0.2          0.4          0.8          1.6
---  -----------  -----------  -----------  -----------  -----------  -----------
0.1  5.58234e-10  1.05321e-09  1.91959e-09  3.56127e-09  6.84843e-09  1.36012e-08
0.2  5.53765e-10  1.02101e-09  1.88184e-09  3.55641e-09  6.87158e-09  1.36018e-08
0.4  5.78955e-10  1.06388e-09  1.93895e-09  3.48419e-09  6.83599e-09  1.35982e-08
0.8  6.15512e-10  1.04039e-09  1.93265e-09  3.55633e-09  6.8647e-09   1.35877e-08
1.6  7.7186e-10   1.16503e-09  1.99669e-09  3.58852e-09  6.85848e-09  1.36027e-08
3.2  1.32633e-09  1.56901e-09  2.16577e-09  3.71596e-09  6.94858e-09  1.35973e-08

Fall Time
            0.05          0.1          0.2          0.4          0.8          1.6
---  -----------  -----------  -----------  -----------  -----------  -----------
0.1  5.92681e-10  1.11869e-09  2.14741e-09  4.04001e-09  7.96333e-09  1.57675e-08
0.2  6.15589e-10  1.17084e-09  2.20921e-09  4.08207e-09  7.93674e-09  1.57756e-08
0.4  6.57531e-10  1.19278e-09  2.25261e-09  4.11343e-09  7.95856e-09  1.57765e-08
0.8  7.50397e-10  1.18691e-09  2.25359e-09  4.11429e-09  7.96558e-09  1.57745e-08
1.6  8.79213e-10  1.35511e-09  2.40893e-09  4.11587e-09  7.96346e-09  1.57758e-08
3.2  1.3015e-09   1.67007e-09  2.51513e-09  4.19202e-09  7.97967e-09  1.57733e-08

Propagation High-Low
            0.05          0.1          0.2          0.4          0.8          1.6
---  -----------  -----------  -----------  -----------  -----------  -----------
0.1  3.60548e-10  6.19263e-10  1.13396e-09  2.12053e-09  4.10974e-09  8.09971e-09
0.2  3.81925e-10  6.40471e-10  1.15486e-09  2.1417e-09   4.13007e-09  8.12049e-09
0.4  4.14453e-10  6.71194e-10  1.18408e-09  2.17396e-09  4.16257e-09  8.15288e-09
0.8  4.73318e-10  7.23264e-10  1.23906e-09  2.23554e-09  4.22373e-09  8.21409e-09
1.6  5.63463e-10  8.12523e-10  1.31298e-09  2.313e-09    4.30915e-09  8.3019e-09
3.2  7.48079e-10  1.02569e-09  1.54468e-09  2.55645e-09  4.55202e-09  8.54324e-09

Propagation Low-High
            0.05          0.1          0.2          0.4          0.8          1.6
---  -----------  -----------  -----------  -----------  -----------  -----------
0.1  2.91641e-10  4.9865e-10   9.1097e-10   1.71344e-09  3.28909e-09  6.47999e-09
0.2  3.10265e-10  5.16052e-10  9.27103e-10  1.73439e-09  3.30627e-09  6.50153e-09
0.4  3.46805e-10  5.49054e-10  9.60963e-10  1.76724e-09  3.35168e-09  6.53858e-09
0.8  4.29912e-10  6.29386e-10  1.02928e-09  1.82639e-09  3.43286e-09  6.61886e-09
1.6  5.58885e-10  7.82906e-10  1.18398e-09  2.00637e-09  3.58263e-09  6.77654e-09
3.2  7.35135e-10  1.04473e-09  1.49616e-09  2.31574e-09  3.92003e-09  7.10891e-09

---------------- Timing Data for pin A1 ----------------

Rise Time
            0.05          0.1          0.2          0.4          0.8          1.6
---  -----------  -----------  -----------  -----------  -----------  -----------
0.1  5.21629e-10  9.67144e-10  1.83109e-09  3.53656e-09  6.88108e-09  1.3596e-08
0.2  5.80262e-10  9.36505e-10  1.78938e-09  3.50902e-09  6.88256e-09  1.3587e-08
0.4  5.51204e-10  1.00166e-09  1.90804e-09  3.46054e-09  6.87202e-09  1.35813e-08
0.8  6.20244e-10  1.05348e-09  1.95842e-09  3.5321e-09   6.85238e-09  1.35948e-08
1.6  8.78651e-10  1.19189e-09  1.98774e-09  3.57017e-09  6.87987e-09  1.35983e-08
3.2  1.39948e-09  1.62631e-09  2.28035e-09  3.77909e-09  6.94279e-09  1.36034e-08

Fall Time
            0.05          0.1          0.2          0.4          0.8          1.6
---  -----------  -----------  -----------  -----------  -----------  -----------
0.1  5.84386e-10  1.13041e-09  2.13514e-09  4.02146e-09  7.9258e-09   1.57368e-08
0.2  6.22566e-10  1.19174e-09  2.19348e-09  4.06094e-09  7.89901e-09  1.57433e-08
0.4  6.12531e-10  1.14228e-09  2.21608e-09  4.08289e-09  7.93067e-09  1.57415e-08
0.8  7.16929e-10  1.15089e-09  2.14877e-09  4.05979e-09  7.91105e-09  1.57448e-08
1.6  8.6819e-10   1.32884e-09  2.39729e-09  4.09862e-09  7.9366e-09   1.57412e-08
3.2  1.29109e-09  1.63296e-09  2.49487e-09  4.17193e-09  7.94236e-09  1.57414e-08

Propagation High-Low
            0.05          0.1          0.2          0.4          0.8          1.6
---  -----------  -----------  -----------  -----------  -----------  -----------
0.1  3.39332e-10  5.97258e-10  1.1108e-09   2.09667e-09  4.08371e-09  8.07274e-09
0.2  3.59233e-10  6.16891e-10  1.13052e-09  2.11744e-09  4.10407e-09  8.09385e-09
0.4  3.87145e-10  6.4546e-10   1.15916e-09  2.14972e-09  4.13673e-09  8.12641e-09
0.8  4.46363e-10  6.96897e-10  1.2115e-09   2.21091e-09  4.1977e-09   8.18757e-09
1.6  5.45316e-10  7.8378e-10   1.28646e-09  2.28567e-09  4.28296e-09  8.2759e-09
3.2  7.00533e-10  9.94698e-10  1.51279e-09  2.52921e-09  4.52536e-09  8.51617e-09

Propagation Low-High
            0.05          0.1          0.2          0.4          0.8          1.6
---  -----------  -----------  -----------  -----------  -----------  -----------
0.1  2.70824e-10  4.75035e-10  8.83111e-10  1.69396e-09  3.27472e-09  6.46539e-09
0.2  2.90667e-10  4.93502e-10  8.98313e-10  1.70751e-09  3.29765e-09  6.48571e-09
0.4  3.30659e-10  5.31861e-10  9.33129e-10  1.73447e-09  3.3375e-09   6.52387e-09
0.8  4.16504e-10  6.15424e-10  1.01338e-09  1.82002e-09  3.4165e-09   6.60261e-09
1.6  5.47646e-10  7.81336e-10  1.17434e-09  1.98948e-09  3.57298e-09  6.76376e-09
3.2  6.99661e-10  1.05685e-09  1.51475e-09  2.31068e-09  3.89944e-09  7.08916e-09

---------------- Timing Data for pin B1 ----------------

Rise Time
            0.05          0.1          0.2          0.4          0.8          1.6
---  -----------  -----------  -----------  -----------  -----------  -----------
0.1  2.47427e-10  4.69181e-10  9.14864e-10  1.80057e-09  3.5475e-09   6.98871e-09
0.2  2.78687e-10  5.12659e-10  1.0118e-09   1.90107e-09  3.52405e-09  6.9618e-09
0.4  3.05137e-10  5.23136e-10  9.00024e-10  1.91651e-09  3.56649e-09  6.94705e-09
0.8  4.24502e-10  5.99765e-10  9.78846e-10  1.80783e-09  3.51752e-09  6.96147e-09
1.6  6.50997e-10  8.17027e-10  1.13131e-09  1.89293e-09  3.60218e-09  6.97431e-09
3.2  1.15473e-09  1.38649e-09  1.54289e-09  2.22665e-09  3.77467e-09  7.05243e-09

Fall Time
            0.05          0.1          0.2          0.4          0.8          1.6
---  -----------  -----------  -----------  -----------  -----------  -----------
0.1  5.84882e-10  1.12096e-09  2.13494e-09  4.01817e-09  7.92706e-09  1.57358e-08
0.2  6.17118e-10  1.18179e-09  2.19436e-09  4.06507e-09  7.90376e-09  1.57436e-08
0.4  6.07734e-10  1.11974e-09  2.19585e-09  4.0816e-09   7.93543e-09  1.57409e-08
0.8  7.08007e-10  1.1447e-09   2.07004e-09  4.05947e-09  7.94338e-09  1.57296e-08
1.6  8.93592e-10  1.34855e-09  2.38961e-09  4.08545e-09  7.93443e-09  1.57413e-08
3.2  1.37633e-09  1.70153e-09  2.51945e-09  4.12679e-09  7.9644e-09   1.57372e-08

Propagation High-Low
            0.05          0.1          0.2          0.4          0.8          1.6
---  -----------  -----------  -----------  -----------  -----------  -----------
0.1  3.29012e-10  5.86657e-10  1.10026e-09  2.08634e-09  4.073e-09    8.06275e-09
0.2  3.46856e-10  6.04299e-10  1.11778e-09  2.10549e-09  4.092e-09    8.08175e-09
0.4  3.7756e-10   6.36544e-10  1.15095e-09  2.14246e-09  4.12909e-09  8.11895e-09
0.8  4.52529e-10  7.0303e-10   1.20959e-09  2.21466e-09  4.20218e-09  8.19251e-09
1.6  5.74537e-10  8.219e-10    1.32534e-09  2.3371e-09   4.32647e-09  8.31762e-09
3.2  7.79994e-10  1.09075e-09  1.64461e-09  2.64948e-09  4.64406e-09  8.63488e-09

Propagation Low-High
            0.05          0.1          0.2          0.4          0.8          1.6
---  -----------  -----------  -----------  -----------  -----------  -----------
0.1  1.42739e-10  2.42141e-10  4.40681e-10  8.37904e-10  1.631e-09    3.15883e-09
0.2  1.65665e-10  2.63723e-10  4.59107e-10  8.49162e-10  1.62918e-09  3.19082e-09
0.4  2.13579e-10  3.11182e-10  5.0561e-10   8.93605e-10  1.68335e-09  3.23571e-09
0.8  2.97049e-10  4.09331e-10  6.00385e-10  9.99933e-10  1.7884e-09   3.32646e-09
1.6  4.1212e-10   5.6401e-10   7.99432e-10  1.18386e-09  1.97747e-09  3.51399e-09
3.2  5.0298e-10   7.41115e-10  1.11487e-09  1.57839e-09  2.34832e-09  3.89636e-09

---------------- Timing Data for pin C1 ----------------

Rise Time
            0.05          0.1          0.2          0.4          0.8          1.6
---  -----------  -----------  -----------  -----------  -----------  -----------
0.1  2.44025e-10  4.64227e-10  9.06883e-10  1.78933e-09  3.52339e-09  6.92862e-09
0.2  2.67163e-10  5.02149e-10  9.96475e-10  1.88236e-09  3.48701e-09  6.91359e-09
0.4  3.01463e-10  5.19021e-10  8.84667e-10  1.9013e-09   3.53434e-09  6.88763e-09
0.8  4.21452e-10  5.9339e-10   9.9713e-10   1.79528e-09  3.51146e-09  6.93502e-09
1.6  7.01566e-10  8.14723e-10  1.12484e-09  1.97429e-09  3.58228e-09  6.91296e-09
3.2  1.15029e-09  1.38387e-09  1.54171e-09  2.21707e-09  3.74911e-09  6.99089e-09

Fall Time
            0.05          0.1          0.2          0.4          0.8          1.6
---  -----------  -----------  -----------  -----------  -----------  -----------
0.1  5.9049e-10   1.12484e-09  2.13668e-09  4.01939e-09  7.92658e-09  1.57294e-08
0.2  6.11966e-10  1.1771e-09   2.19581e-09  4.06583e-09  7.89713e-09  1.57298e-08
0.4  6.13795e-10  1.1392e-09   2.1931e-09   4.08144e-09  7.93559e-09  1.57409e-08
0.8  6.68677e-10  1.14806e-09  2.2097e-09   4.05274e-09  7.94352e-09  1.57275e-08
1.6  9.12839e-10  1.37847e-09  2.39498e-09  4.08685e-09  7.93313e-09  1.57415e-08
3.2  1.4583e-09   1.74229e-09  2.54046e-09  4.13303e-09  7.96992e-09  1.5736e-08

Propagation High-Low
            0.05          0.1          0.2          0.4          0.8          1.6
---  -----------  -----------  -----------  -----------  -----------  -----------
0.1  3.18327e-10  5.75743e-10  1.08925e-09  2.07589e-09  4.06247e-09  8.05222e-09
0.2  3.34948e-10  5.9251e-10   1.10608e-09  2.09455e-09  4.08105e-09  8.07081e-09
0.4  3.66658e-10  6.23572e-10  1.13866e-09  2.13164e-09  4.11829e-09  8.10821e-09
0.8  4.43574e-10  6.93795e-10  1.19787e-09  2.20467e-09  4.19238e-09  8.18277e-09
1.6  5.83067e-10  8.49906e-10  1.34762e-09  2.34717e-09  4.34042e-09  8.33218e-09
3.2  8.04878e-10  1.12878e-09  1.6769e-09   2.673e-09    4.66305e-09  8.65158e-09

Propagation Low-High
            0.05          0.1          0.2          0.4          0.8          1.6
---  -----------  -----------  -----------  -----------  -----------  -----------
0.1  1.39115e-10  2.38198e-10  4.36045e-10  8.31821e-10  1.62262e-09  3.15315e-09
0.2  1.61789e-10  2.59753e-10  4.54498e-10  8.43271e-10  1.6205e-09   3.17772e-09
0.4  2.09685e-10  3.07195e-10  5.00981e-10  8.86692e-10  1.67435e-09  3.2226e-09
0.8  2.92009e-10  4.04891e-10  5.95717e-10  9.93891e-10  1.77994e-09  3.31306e-09
1.6  3.93473e-10  5.57375e-10  7.93708e-10  1.17717e-09  1.96994e-09  3.50158e-09
3.2  4.96024e-10  7.29214e-10  1.10823e-09  1.57108e-09  2.33958e-09  3.88404e-09