*****************************************
Characterization Data of Cell thesis_oai22
*****************************************

---------------- Timing Data for pin A2 ----------------

Rise Time
            0.05          0.1          0.2          0.4          0.8          1.6
---  -----------  -----------  -----------  -----------  -----------  -----------
0.1  5.33995e-10  9.79911e-10  1.8477e-09   3.58211e-09  6.87465e-09  1.36263e-08
0.2  5.29755e-10  9.52049e-10  1.80295e-09  3.57342e-09  6.89667e-09  1.36251e-08
0.4  5.64917e-10  9.9222e-10   1.88329e-09  3.57588e-09  6.85394e-09  1.36237e-08
0.8  6.38331e-10  1.03323e-09  1.88343e-09  3.53082e-09  6.88396e-09  1.36142e-08
1.6  8.60621e-10  1.17825e-09  1.89418e-09  3.60909e-09  6.88384e-09  1.36269e-08
3.2  1.33625e-09  1.62599e-09  2.18592e-09  3.74312e-09  6.96939e-09  1.36146e-08

Fall Time
            0.05          0.1          0.2          0.4          0.8          1.6
---  -----------  -----------  -----------  -----------  -----------  -----------
0.1  4.74396e-10  8.85909e-10  1.66834e-09  2.9975e-09   5.73004e-09  1.12831e-08
0.2  4.7492e-10   8.42454e-10  1.53682e-09  3.03039e-09  5.74833e-09  1.12985e-08
0.4  4.64142e-10  8.0004e-10   1.51656e-09  3.02438e-09  5.74953e-09  1.13066e-08
0.8  5.8148e-10   8.87829e-10  1.55845e-09  3.00923e-09  5.74504e-09  1.13074e-08
1.6  8.03961e-10  1.0612e-09   1.74784e-09  3.09109e-09  5.74138e-09  1.13074e-08
3.2  1.28089e-09  1.4965e-09   1.98862e-09  3.24261e-09  5.79984e-09  1.12831e-08

Propagation High-Low
            0.05          0.1          0.2          0.4          0.8          1.6
---  -----------  -----------  -----------  -----------  -----------  -----------
0.1  2.85713e-10  4.66694e-10  8.27809e-10  1.55663e-09  3.00951e-09  5.90593e-09
0.2  3.05437e-10  4.86463e-10  8.4919e-10   1.57704e-09  3.03126e-09  5.92798e-09
0.4  3.40944e-10  5.23936e-10  8.88083e-10  1.61465e-09  3.07032e-09  5.96712e-09
0.8  4.19613e-10  6.01543e-10  9.6526e-10   1.69219e-09  3.14661e-09  6.04321e-09
1.6  5.36757e-10  7.12826e-10  1.08317e-09  1.8178e-09   3.26144e-09  6.16228e-09
3.2  7.25116e-10  9.66257e-10  1.36195e-09  2.13514e-09  3.59023e-09  6.48767e-09

Propagation Low-High
            0.05          0.1          0.2          0.4          0.8          1.6
---  -----------  -----------  -----------  -----------  -----------  -----------
0.1  2.8714e-10   4.93745e-10  9.06107e-10  1.70904e-09  3.28588e-09  6.47723e-09
0.2  3.05491e-10  5.11817e-10  9.23275e-10  1.73114e-09  3.30331e-09  6.49882e-09
0.4  3.40805e-10  5.41512e-10  9.54881e-10  1.76265e-09  3.34837e-09  6.53576e-09
0.8  4.22556e-10  6.23732e-10  1.02574e-09  1.82278e-09  3.42943e-09  6.61606e-09
1.6  5.47584e-10  7.7656e-10   1.17906e-09  2.00173e-09  3.57936e-09  6.77378e-09
3.2  7.16466e-10  1.04836e-09  1.49335e-09  2.30826e-09  3.91458e-09  7.10972e-09

---------------- Timing Data for pin A1 ----------------

Rise Time
            0.05          0.1          0.2          0.4          0.8          1.6
---  -----------  -----------  -----------  -----------  -----------  -----------
0.1  5.51539e-10  9.92558e-10  1.8716e-09   3.55006e-09  6.90417e-09  1.36179e-08
0.2  5.33877e-10  9.99336e-10  1.89331e-09  3.52021e-09  6.90364e-09  1.36081e-08
0.4  5.79196e-10  1.002e-09    1.90522e-09  3.50504e-09  6.89128e-09  1.36082e-08
0.8  6.50914e-10  1.01575e-09  1.90697e-09  3.55801e-09  6.87068e-09  1.36202e-08
1.6  9.1769e-10   1.21089e-09  1.9318e-09   3.58851e-09  6.90286e-09  1.36212e-08
3.2  1.42195e-09  1.59693e-09  2.29971e-09  3.80466e-09  6.96509e-09  1.36273e-08

Fall Time
            0.05          0.1          0.2          0.4          0.8          1.6
---  -----------  -----------  -----------  -----------  -----------  -----------
0.1  4.6688e-10   8.46357e-10  1.60342e-09  2.98484e-09  5.71232e-09  1.12635e-08
0.2  4.33334e-10  8.00965e-10  1.52674e-09  3.01031e-09  5.72723e-09  1.12773e-08
0.4  4.41374e-10  7.87392e-10  1.50261e-09  2.99759e-09  5.72512e-09  1.12829e-08
0.8  5.72841e-10  8.42955e-10  1.54992e-09  3.00988e-09  5.72857e-09  1.12806e-08
1.6  7.64466e-10  1.04486e-09  1.7196e-09   3.00519e-09  5.7126e-09   1.12827e-08
3.2  1.26257e-09  1.49481e-09  1.9786e-09   3.22918e-09  5.78049e-09  1.12617e-08

Propagation High-Low
            0.05          0.1          0.2          0.4          0.8          1.6
---  -----------  -----------  -----------  -----------  -----------  -----------
0.1  2.66425e-10  4.45397e-10  8.09865e-10  1.53878e-09  2.99078e-09  5.88637e-09
0.2  2.84269e-10  4.66841e-10  8.31221e-10  1.55901e-09  3.01272e-09  5.90862e-09
0.4  3.22976e-10  5.0584e-10   8.69936e-10  1.59644e-09  3.05196e-09  5.94788e-09
0.8  4.00885e-10  5.83423e-10  9.4738e-10   1.67396e-09  3.12803e-09  6.0239e-09
1.6  5.21217e-10  6.93674e-10  1.06352e-09  1.80007e-09  3.24285e-09  6.14322e-09
3.2  6.841e-10    9.55674e-10  1.34046e-09  2.11548e-09  3.57117e-09  6.46816e-09

Propagation Low-High
            0.05          0.1          0.2          0.4          0.8          1.6
---  -----------  -----------  -----------  -----------  -----------  -----------
0.1  2.66881e-10  4.7159e-10   8.79689e-10  1.6911e-09   3.27142e-09  6.46258e-09
0.2  2.85568e-10  4.87384e-10  8.95283e-10  1.70435e-09  3.29412e-09  6.48284e-09
0.4  3.24939e-10  5.28007e-10  9.29853e-10  1.73132e-09  3.33395e-09  6.52105e-09
0.8  4.10932e-10  6.10275e-10  1.00958e-09  1.81563e-09  3.41329e-09  6.59993e-09
1.6  5.56678e-10  7.76503e-10  1.1697e-09   1.98606e-09  3.56936e-09  6.761e-09
3.2  7.12898e-10  1.06281e-09  1.51223e-09  2.30378e-09  3.8967e-09   7.08636e-09

---------------- Timing Data for pin B1 ----------------

Rise Time
            0.05          0.1          0.2          0.4          0.8          1.6
---  -----------  -----------  -----------  -----------  -----------  -----------
0.1  4.81165e-10  9.13047e-10  1.77305e-09  3.45216e-09  6.72719e-09  1.33404e-08
0.2  4.80329e-10  8.93262e-10  1.72887e-09  3.4288e-09   6.7337e-09   1.3338e-08
0.4  5.02889e-10  9.13139e-10  1.81568e-09  3.38225e-09  6.73324e-09  1.33304e-08
0.8  5.9737e-10   9.85644e-10  1.89038e-09  3.41525e-09  6.72239e-09  1.33192e-08
1.6  8.72357e-10  1.13399e-09  1.94821e-09  3.49039e-09  6.71989e-09  1.33409e-08
3.2  1.36473e-09  1.57365e-09  2.23505e-09  3.69108e-09  6.77468e-09  1.33348e-08

Fall Time
            0.05          0.1          0.2          0.4          0.8          1.6
---  -----------  -----------  -----------  -----------  -----------  -----------
0.1  4.1505e-10   7.91599e-10  1.55806e-09  2.96969e-09  5.69509e-09  1.12446e-08
0.2  3.95257e-10  7.5209e-10   1.47047e-09  2.98866e-09  5.7074e-09   1.12579e-08
0.4  4.28391e-10  8.13739e-10  1.52808e-09  2.93239e-09  5.69278e-09  1.12628e-08
0.8  5.42442e-10  8.93155e-10  1.52176e-09  2.9678e-09   5.69509e-09  1.12623e-08
1.6  7.5861e-10   1.06869e-09  1.80367e-09  2.9686e-09   5.69188e-09  1.12628e-08
3.2  1.35913e-09  1.54668e-09  2.00586e-09  3.22146e-09  5.77132e-09  1.12396e-08

Propagation High-Low
            0.05          0.1          0.2          0.4          0.8          1.6
---  -----------  -----------  -----------  -----------  -----------  -----------
0.1  2.30194e-10  4.12796e-10  7.77344e-10  1.50596e-09  2.95641e-09  5.85177e-09
0.2  2.50023e-10  4.32867e-10  7.9757e-10   1.52639e-09  2.97596e-09  5.8714e-09
0.4  2.89211e-10  4.72994e-10  8.37981e-10  1.56695e-09  3.01483e-09  5.9104e-09
0.8  3.58838e-10  5.50616e-10  9.18752e-10  1.64808e-09  3.09183e-09  5.98815e-09
1.6  5.08828e-10  7.02139e-10  1.0763e-09   1.80952e-09  3.24881e-09  6.14841e-09
3.2  6.80532e-10  9.81215e-10  1.37763e-09  2.14122e-09  3.59124e-09  6.48481e-09

Propagation Low-High
            0.05          0.1          0.2          0.4          0.8          1.6
---  -----------  -----------  -----------  -----------  -----------  -----------
0.1  2.4508e-10   4.45182e-10  8.44879e-10  1.64341e-09  3.19431e-09  6.32909e-09
0.2  2.64673e-10  4.64277e-10  8.61807e-10  1.65636e-09  3.21756e-09  6.35003e-09
0.4  3.02836e-10  5.02545e-10  8.96974e-10  1.6843e-09   3.2585e-09   6.38921e-09
0.8  3.89511e-10  5.81042e-10  9.77167e-10  1.76363e-09  3.33852e-09  6.469e-09
1.6  5.29597e-10  7.51247e-10  1.13821e-09  1.93929e-09  3.49185e-09  6.63129e-09
3.2  6.52317e-10  1.0257e-09   1.47355e-09  2.25585e-09  3.82385e-09  6.95286e-09

---------------- Timing Data for pin B2 ----------------

Rise Time
            0.05          0.1          0.2          0.4          0.8          1.6
---  -----------  -----------  -----------  -----------  -----------  -----------
0.1  5.03916e-10  8.88372e-10  1.83482e-09  3.47173e-09  6.69711e-09  1.33377e-08
0.2  5.07194e-10  9.58415e-10  1.81388e-09  3.46757e-09  6.7133e-09   1.33397e-08
0.4  5.33282e-10  9.95103e-10  1.88034e-09  3.44395e-09  6.71162e-09  1.33181e-08
0.8  5.85714e-10  9.47601e-10  1.85123e-09  3.44327e-09  6.73014e-09  1.33263e-08
1.6  7.98231e-10  1.10561e-09  1.92521e-09  3.49684e-09  6.72391e-09  1.33376e-08
3.2  1.28515e-09  1.55905e-09  2.10599e-09  3.6485e-09   6.78892e-09  1.3342e-08

Fall Time
            0.05          0.1          0.2          0.4          0.8          1.6
---  -----------  -----------  -----------  -----------  -----------  -----------
0.1  4.59659e-10  8.41424e-10  1.61039e-09  2.98471e-09  5.7126e-09   1.1264e-08
0.2  4.33535e-10  7.9203e-10   1.5182e-09   3.01042e-09  5.72744e-09  1.12764e-08
0.4  4.38419e-10  8.13568e-10  1.52825e-09  2.96858e-09  5.71753e-09  1.12828e-08
0.8  5.5304e-10   8.45178e-10  1.63332e-09  2.88759e-09  5.66834e-09  1.12701e-08
1.6  8.25678e-10  1.08518e-09  1.75633e-09  2.98928e-09  5.69364e-09  1.12788e-08
3.2  1.38743e-09  1.56415e-09  2.01383e-09  3.2332e-09   5.78822e-09  1.12569e-08

Propagation High-Low
            0.05          0.1          0.2          0.4          0.8          1.6
---  -----------  -----------  -----------  -----------  -----------  -----------
0.1  2.46908e-10  4.29401e-10  7.93928e-10  1.5228e-09   2.97435e-09  5.86999e-09
0.2  2.66265e-10  4.49067e-10  8.13905e-10  1.54274e-09  2.99356e-09  5.88934e-09
0.4  3.06827e-10  4.89341e-10  8.54142e-10  1.58317e-09  3.03251e-09  5.9283e-09
0.8  3.83759e-10  5.70074e-10  9.35506e-10  1.66436e-09  3.10994e-09  6.00619e-09
1.6  5.25851e-10  7.22475e-10  1.09532e-09  1.82635e-09  3.26631e-09  6.16578e-09
3.2  7.23613e-10  1.00478e-09  1.39919e-09  2.15981e-09  3.60912e-09  6.5028e-09

Propagation Low-High
            0.05          0.1          0.2          0.4          0.8          1.6
---  -----------  -----------  -----------  -----------  -----------  -----------
0.1  2.64302e-10  4.66808e-10  8.7131e-10   1.66479e-09  3.20621e-09  6.34362e-09
0.2  2.82553e-10  4.84603e-10  8.87345e-10  1.6837e-09   3.22563e-09  6.36443e-09
0.4  3.1972e-10   5.15981e-10  9.14611e-10  1.71106e-09  3.27296e-09  6.40408e-09
0.8  3.95987e-10  5.96033e-10  9.9155e-10   1.775e-09    3.35309e-09  6.48356e-09
1.6  5.16806e-10  7.49913e-10  1.14535e-09  1.95249e-09  3.50169e-09  6.63953e-09
3.2  6.41071e-10  1.01505e-09  1.45631e-09  2.25775e-09  3.83513e-09  6.97523e-09