*****************************************
Characterization Data of Cell thesis_oai21
*****************************************

---------------- Timing Data for pin A1 ----------------

Rise Time
            0.05          0.1          0.2          0.4          0.8          1.6
---  -----------  -----------  -----------  -----------  -----------  -----------
0.1  5.82062e-10  1.11666e-09  2.03785e-09  3.85996e-09  7.54515e-09  1.49693e-08
0.2  5.8205e-10   1.09549e-09  2.00874e-09  3.83748e-09  7.53075e-09  1.496e-08
0.4  6.10299e-10  1.12785e-09  2.04829e-09  3.86486e-09  7.54761e-09  1.49712e-08
0.8  6.32262e-10  1.14943e-09  2.09151e-09  3.88176e-09  7.5576e-09   1.49797e-08
1.6  8.15015e-10  1.17902e-09  2.00528e-09  3.81669e-09  7.5332e-09   1.49764e-08
3.2  1.26856e-09  1.65885e-09  2.29658e-09  3.97218e-09  7.57461e-09  1.49764e-08

Fall Time
            0.05          0.1          0.2          0.4          0.8          1.6
---  -----------  -----------  -----------  -----------  -----------  -----------
0.1  4.68735e-10  8.64088e-10  1.64973e-09  3.01953e-09  5.80368e-09  1.14909e-08
0.2  4.35676e-10  8.00897e-10  1.53811e-09  3.04997e-09  5.82525e-09  1.14817e-08
0.4  4.9806e-10   7.9641e-10   1.53291e-09  3.04329e-09  5.8369e-09   1.15032e-08
0.8  5.82046e-10  8.50848e-10  1.65449e-09  2.93089e-09  5.80687e-09  1.1511e-08
1.6  7.98696e-10  1.05606e-09  1.71033e-09  3.08119e-09  5.83368e-09  1.15088e-08
3.2  1.25375e-09  1.50243e-09  1.99931e-09  3.26975e-09  5.87282e-09  1.14945e-08

Propagation High-Low
            0.05          0.1          0.2          0.4          0.8          1.6
---  -----------  -----------  -----------  -----------  -----------  -----------
0.1  2.61455e-10  4.4329e-10   8.12121e-10  1.5498e-09   3.02032e-09  5.95197e-09
0.2  2.78848e-10  4.6377e-10   8.32888e-10  1.57063e-09  3.04048e-09  5.97223e-09
0.4  3.1805e-10   5.02904e-10  8.7224e-10   1.61011e-09  3.07857e-09  6.01031e-09
0.8  3.93706e-10  5.80353e-10  9.50402e-10  1.68837e-09  3.15325e-09  6.08544e-09
1.6  5.15408e-10  6.91913e-10  1.0652e-09   1.81043e-09  3.26982e-09  6.20608e-09
3.2  6.78555e-10  9.55356e-10  1.34476e-09  2.12601e-09  3.59917e-09  6.53174e-09

Propagation Low-High
            0.05          0.1          0.2          0.4          0.8          1.6
---  -----------  -----------  -----------  -----------  -----------  -----------
0.1  3.01761e-10  5.29063e-10  9.83208e-10  1.86328e-09  3.6025e-09   7.118e-09
0.2  3.20494e-10  5.46962e-10  9.99424e-10  1.88207e-09  3.6248e-09   7.13583e-09
0.4  3.55898e-10  5.82123e-10  1.03754e-09  1.92217e-09  3.66074e-09  7.17734e-09
0.8  4.39143e-10  6.58533e-10  1.09638e-09  1.98666e-09  3.73801e-09  7.25519e-09
1.6  5.58701e-10  8.11401e-10  1.25773e-09  2.14577e-09  3.90241e-09  7.40883e-09
3.2  7.39919e-10  1.0847e-09   1.56666e-09  2.46177e-09  4.22817e-09  7.73853e-09

---------------- Timing Data for pin A2 ----------------

Rise Time
            0.05          0.1          0.2          0.4          0.8          1.6
---  -----------  -----------  -----------  -----------  -----------  -----------
0.1  5.34418e-10  1.00844e-09  1.92694e-09  3.80911e-09  7.53168e-09  1.49754e-08
0.2  5.36104e-10  1.04562e-09  2.02039e-09  3.84376e-09  7.54656e-09  1.498e-08
0.4  5.9411e-10   1.10785e-09  2.08897e-09  3.87913e-09  7.5589e-09   1.49818e-08
0.8  6.37724e-10  1.1378e-09   2.09279e-09  3.87986e-09  7.55704e-09  1.49785e-08
1.6  8.90566e-10  1.26691e-09  2.15304e-09  3.83073e-09  7.5183e-09   1.49731e-08
3.2  1.39719e-09  1.60341e-09  2.39039e-09  4.06256e-09  7.60785e-09  1.49649e-08

Fall Time
            0.05          0.1          0.2          0.4          0.8          1.6
---  -----------  -----------  -----------  -----------  -----------  -----------
0.1  4.25186e-10  8.11959e-10  1.59638e-09  3.00736e-09  5.78849e-09  1.14669e-08
0.2  3.96652e-10  7.62352e-10  1.50537e-09  3.03371e-09  5.80985e-09  1.14681e-08
0.4  4.33817e-10  7.72442e-10  1.54049e-09  3.00383e-09  5.81396e-09  1.14873e-08
0.8  5.16161e-10  8.53289e-10  1.63904e-09  3.0074e-09   5.79903e-09  1.14611e-08
1.6  7.86445e-10  1.04042e-09  1.7205e-09   3.13705e-09  5.81054e-09  1.14907e-08
3.2  1.18906e-09  1.49304e-09  1.9899e-09   3.25715e-09  5.85612e-09  1.14727e-08

Propagation High-Low
            0.05          0.1          0.2          0.4          0.8          1.6
---  -----------  -----------  -----------  -----------  -----------  -----------
0.1  2.4094e-10   4.2573e-10   7.94705e-10  1.53234e-09  3.00237e-09  5.93435e-09
0.2  2.61765e-10  4.46761e-10  8.15893e-10  1.5537e-09   3.02289e-09  5.9549e-09
0.4  3.00602e-10  4.86166e-10  8.55547e-10  1.59346e-09  3.06094e-09  5.99312e-09
0.8  3.67317e-10  5.60607e-10  9.3341e-10   1.6718e-09   3.13527e-09  6.06816e-09
1.6  4.89988e-10  6.74207e-10  1.04562e-09  1.79328e-09  3.25237e-09  6.18937e-09
3.2  6.31552e-10  9.30818e-10  1.32469e-09  2.10712e-09  3.58135e-09  6.51447e-09

Propagation Low-High
            0.05          0.1          0.2          0.4          0.8          1.6
---  -----------  -----------  -----------  -----------  -----------  -----------
0.1  2.78251e-10  5.01591e-10  9.48234e-10  1.83543e-09  3.58719e-09  7.0937e-09
0.2  2.98432e-10  5.19826e-10  9.63101e-10  1.84937e-09  3.60636e-09  7.11551e-09
0.4  3.37077e-10  5.57427e-10  9.96871e-10  1.88088e-09  3.6409e-09   7.1563e-09
0.8  4.21647e-10  6.37864e-10  1.07677e-09  1.97547e-09  3.71562e-09  7.23598e-09
1.6  5.64997e-10  8.04732e-10  1.23507e-09  2.13086e-09  3.88037e-09  7.38697e-09
3.2  7.68333e-10  1.09214e-09  1.57898e-09  2.45166e-09  4.2011e-09   7.71036e-09

---------------- Timing Data for pin B1 ----------------

Rise Time
            0.05          0.1          0.2          0.4          0.8          1.6
---  -----------  -----------  -----------  -----------  -----------  -----------
0.1  2.47905e-10  4.77298e-10  9.3767e-10   1.85436e-09  3.70727e-09  7.40112e-09
0.2  2.81692e-10  5.39339e-10  1.07732e-09  2.01161e-09  3.78617e-09  7.44002e-09
0.4  3.0683e-10   5.46776e-10  1.07543e-09  2.00208e-09  3.79099e-09  7.44406e-09
0.8  4.24503e-10  5.96689e-10  1.03957e-09  1.87946e-09  3.70186e-09  7.40231e-09
1.6  7.01706e-10  8.32305e-10  1.1624e-09   2.09978e-09  3.7592e-09   7.4267e-09
3.2  1.15287e-09  1.44173e-09  1.60677e-09  2.29394e-09  3.98462e-09  7.51097e-09

Fall Time
            0.05          0.1          0.2          0.4          0.8          1.6
---  -----------  -----------  -----------  -----------  -----------  -----------
0.1  4.21028e-10  8.16015e-10  1.59746e-09  3.0027e-09   5.78597e-09  1.14694e-08
0.2  4.03349e-10  7.60154e-10  1.4957e-09   3.03474e-09  5.81205e-09  1.14681e-08
0.4  4.39792e-10  8.30931e-10  1.56155e-09  2.98761e-09  5.81091e-09  1.14894e-08
0.8  5.77096e-10  8.58572e-10  1.54276e-09  2.90715e-09  5.78194e-09  1.1491e-08
1.6  8.15452e-10  1.07727e-09  1.75452e-09  3.10291e-09  5.81261e-09  1.14895e-08
3.2  1.35242e-09  1.55457e-09  2.02091e-09  3.25493e-09  5.86089e-09  1.14777e-08

Propagation High-Low
            0.05          0.1          0.2          0.4          0.8          1.6
---  -----------  -----------  -----------  -----------  -----------  -----------
0.1  2.29066e-10  4.13924e-10  7.82915e-10  1.52061e-09  2.99016e-09  5.9222e-09
0.2  2.48753e-10  4.33842e-10  8.03067e-10  1.54092e-09  3.00964e-09  5.94173e-09
0.4  2.8784e-10   4.73939e-10  8.43406e-10  1.58139e-09  3.04843e-09  5.98071e-09
0.8  3.57513e-10  5.51542e-10  9.24276e-10  1.66256e-09  3.12556e-09  6.05852e-09
1.6  5.09411e-10  7.04094e-10  1.08207e-09  1.82414e-09  3.28058e-09  6.21683e-09
3.2  6.81328e-10  9.85259e-10  1.38597e-09  2.15559e-09  3.62365e-09  6.55384e-09

Propagation Low-High
            0.05          0.1          0.2          0.4          0.8          1.6
---  -----------  -----------  -----------  -----------  -----------  -----------
0.1  1.4179e-10   2.46731e-10  4.56261e-10  8.75378e-10  1.71266e-09  3.34341e-09
0.2  1.64316e-10  2.6801e-10   4.74185e-10  8.8581e-10   1.7088e-09   3.36653e-09
0.4  2.11588e-10  3.15072e-10  5.20311e-10  9.39837e-10  1.77524e-09  3.40834e-09
0.8  2.94894e-10  4.09841e-10  6.14325e-10  1.03845e-09  1.8716e-09   3.50657e-09
1.6  4.11341e-10  5.65011e-10  8.11307e-10  1.22216e-09  2.05243e-09  3.68719e-09
3.2  4.9969e-10   7.38676e-10  1.13599e-09  1.61309e-09  2.41902e-09  4.05926e-09