*****************************************
Characterization Data of Cell thesis_nand2
*****************************************

---------------- Timing Data for pin A1 ----------------

Rise Time
            0.05          0.1          0.2          0.4          0.8          1.6
---  -----------  -----------  -----------  -----------  -----------  -----------
0.1  3.14359e-10  5.758e-10    1.12063e-09  2.12891e-09  4.09149e-09  8.04128e-09
0.2  3.23521e-10  6.04011e-10  1.18882e-09  2.17027e-09  4.08649e-09  8.0077e-09
0.4  3.39648e-10  6.05747e-10  1.16974e-09  2.14471e-09  4.0667e-09   8.02042e-09
0.8  4.38949e-10  6.23962e-10  1.09698e-09  2.07447e-09  4.09772e-09  8.03142e-09
1.6  7.37433e-10  8.50879e-10  1.24892e-09  2.24213e-09  4.11137e-09  8.04663e-09
3.2  1.17479e-09  1.45784e-09  1.66801e-09  2.4808e-09   4.26901e-09  8.08805e-09

Fall Time
            0.05          0.1          0.2          0.4          0.8          1.6
---  -----------  -----------  -----------  -----------  -----------  -----------
0.1  4.19165e-10  8.10286e-10  1.58743e-09  2.98691e-09  5.75564e-09  1.13921e-08
0.2  3.96848e-10  7.53198e-10  1.48441e-09  3.01693e-09  5.77867e-09  1.14083e-08
0.4  4.36455e-10  8.20249e-10  1.54282e-09  2.96588e-09  5.7738e-09   1.14228e-08
0.8  5.34042e-10  8.46245e-10  1.63954e-09  2.88524e-09  5.74361e-09  1.14219e-08
1.6  7.87106e-10  1.04021e-09  1.71898e-09  3.07646e-09  5.77405e-09  1.14231e-08
3.2  1.18285e-09  1.49185e-09  1.98829e-09  3.25254e-09  5.82932e-09  1.13955e-08

Propagation High-Low
            0.05          0.1          0.2          0.4          0.8          1.6
---  -----------  -----------  -----------  -----------  -----------  -----------
0.1  2.33682e-10  4.17401e-10  7.84267e-10  1.51748e-09  2.97775e-09  5.89139e-09
0.2  2.531e-10    4.37071e-10  8.04021e-10  1.53752e-09  2.9969e-09   5.91053e-09
0.4  2.90681e-10  4.75696e-10  8.43034e-10  1.57665e-09  3.03423e-09  5.94807e-09
0.8  3.54092e-10  5.48909e-10  9.20294e-10  1.65454e-09  3.1079e-09   6.02257e-09
1.6  4.77734e-10  6.64699e-10  1.0332e-09   1.77377e-09  3.22768e-09  6.1446e-09
3.2  6.20052e-10  9.21241e-10  1.31265e-09  2.09111e-09  3.5559e-09   6.47051e-09

Propagation Low-High
            0.05          0.1          0.2          0.4          0.8          1.6
---  -----------  -----------  -----------  -----------  -----------  -----------
0.1  1.5507e-10   2.7169e-10   5.02639e-10  9.64569e-10  1.88704e-09  3.71479e-09
0.2  1.79078e-10  2.93115e-10  5.236e-10    9.92446e-10  1.911e-09    3.72853e-09
0.4  2.25901e-10  3.40509e-10  5.68547e-10  1.04297e-09  1.96428e-09  3.77748e-09
0.8  3.10727e-10  4.35201e-10  6.66103e-10  1.13065e-09  2.05129e-09  3.87581e-09
1.6  4.34115e-10  5.99121e-10  8.54763e-10  1.311e-09    2.23755e-09  4.06066e-09
3.2  5.22372e-10  7.92041e-10  1.18411e-09  1.69571e-09  2.60472e-09  4.42928e-09

---------------- Timing Data for pin B1 ----------------

Rise Time
            0.05          0.1          0.2          0.4          0.8          1.6
---  -----------  -----------  -----------  -----------  -----------  -----------
0.1  2.42768e-10  4.66637e-10  9.17092e-10  1.8142e-09   3.5893e-09   7.10741e-09
0.2  2.59382e-10  5.06541e-10  1.02189e-09  1.91948e-09  3.60141e-09  7.06427e-09
0.4  2.99913e-10  5.23476e-10  1.03562e-09  1.93913e-09  3.63091e-09  7.09387e-09
0.8  4.18012e-10  6.01298e-10  1.01075e-09  1.82964e-09  3.58404e-09  7.10645e-09
1.6  7.2409e-10   8.18134e-10  1.13563e-09  2.02116e-09  3.62963e-09  7.11353e-09
3.2  1.14017e-09  1.39581e-09  1.55644e-09  2.24187e-09  3.75177e-09  7.18577e-09

Fall Time
            0.05          0.1          0.2          0.4          0.8          1.6
---  -----------  -----------  -----------  -----------  -----------  -----------
0.1  4.12897e-10  8.04485e-10  1.57681e-09  2.99052e-09  5.75784e-09  1.13902e-08
0.2  4.01473e-10  7.56311e-10  1.47822e-09  3.0167e-09   5.77995e-09  1.1411e-08
0.4  4.36933e-10  7.89019e-10  1.55948e-09  2.95604e-09  5.77134e-09  1.1424e-08
0.8  5.75012e-10  8.53929e-10  1.55935e-09  2.89569e-09  5.7384e-09   1.14211e-08
1.6  8.12374e-10  1.07267e-09  1.74762e-09  3.0802e-09   5.77474e-09  1.1424e-08
3.2  1.3478e-09   1.55006e-09  2.01588e-09  3.24468e-09  5.83364e-09  1.14024e-08

Propagation High-Low
            0.05          0.1          0.2          0.4          0.8          1.6
---  -----------  -----------  -----------  -----------  -----------  -----------
0.1  2.2737e-10   4.11176e-10  7.78057e-10  1.5113e-09   2.97134e-09  5.88495e-09
0.2  2.47002e-10  4.31053e-10  7.98133e-10  1.5316e-09   2.99079e-09  5.90445e-09
0.4  2.85912e-10  4.7109e-10   8.38442e-10  1.57208e-09  3.02949e-09  5.94336e-09
0.8  3.55006e-10  5.48439e-10  9.19234e-10  1.65324e-09  3.10642e-09  6.02106e-09
1.6  5.06678e-10  7.00947e-10  1.0769e-09   1.81482e-09  3.26233e-09  6.18029e-09
3.2  6.77434e-10  9.81812e-10  1.38003e-09  2.14637e-09  3.60529e-09  6.5171e-09

Propagation Low-High
            0.05          0.1          0.2          0.4          0.8          1.6
---  -----------  -----------  -----------  -----------  -----------  -----------
0.1  1.38612e-10  2.41289e-10  4.46348e-10  8.56502e-10  1.67599e-09  3.2692e-09
0.2  1.61177e-10  2.62792e-10  4.64783e-10  8.68093e-10  1.67446e-09  3.29539e-09
0.4  2.08881e-10  3.10151e-10  5.11155e-10  9.17824e-10  1.73558e-09  3.33844e-09
0.8  2.90706e-10  4.04929e-10  6.05638e-10  1.01943e-09  1.83473e-09  3.4338e-09
1.6  4.06756e-10  5.58951e-10  8.0308e-10   1.20475e-09  2.0209e-09   3.61124e-09
3.2  4.94016e-10  7.31461e-10  1.12428e-09  1.59674e-09  2.39251e-09  3.99481e-09