*****************************************
Characterization Data of Cell thesis_aoi21
*****************************************

---------------- Timing Data for pin A1 ----------------

Rise Time
            0.05          0.1          0.2          0.4          0.8          1.6
---  -----------  -----------  -----------  -----------  -----------  -----------
0.1  4.79435e-10  8.96383e-10  1.72741e-09  3.38896e-09  6.60191e-09  1.30889e-08
0.2  4.76982e-10  9.07948e-10  1.76999e-09  3.40988e-09  6.57785e-09  1.30803e-08
0.4  5.21086e-10  9.88012e-10  1.85647e-09  3.38515e-09  6.59887e-09  1.30791e-08
0.8  5.77915e-10  9.36421e-10  1.82129e-09  3.3419e-09   6.61341e-09  1.30911e-08
1.6  7.60567e-10  1.06048e-09  1.83988e-09  3.41515e-09  6.58887e-09  1.30858e-08
3.2  9.62906e-10  1.52621e-09  2.14514e-09  3.59383e-09  6.6179e-09   1.30777e-08

Fall Time
            0.05          0.1          0.2          0.4          0.8          1.6
---  -----------  -----------  -----------  -----------  -----------  -----------
0.1  4.75792e-10  8.7047e-10   1.66286e-09  3.05023e-09  5.87024e-09  1.16603e-08
0.2  4.48505e-10  8.29565e-10  1.58211e-09  3.08364e-09  5.89882e-09  1.16441e-08
0.4  4.46153e-10  8.22101e-10  1.55851e-09  3.06996e-09  5.91431e-09  1.16545e-08
0.8  5.89497e-10  8.58174e-10  1.63857e-09  3.03103e-09  5.90836e-09  1.16657e-08
1.6  8.08248e-10  1.06893e-09  1.77046e-09  3.16491e-09  5.91423e-09  1.16578e-08
3.2  1.26844e-09  1.49614e-09  2.01889e-09  3.30215e-09  5.93855e-09  1.16639e-08

Propagation High-Low
            0.05          0.1          0.2          0.4          0.8          1.6
---  -----------  -----------  -----------  -----------  -----------  -----------
0.1  2.62328e-10  4.43275e-10  8.10407e-10  1.54445e-09  3.00687e-09  5.9203e-09
0.2  2.7836e-10   4.62478e-10  8.29608e-10  1.5629e-09   3.02605e-09  5.93958e-09
0.4  3.16926e-10  5.01002e-10  8.68225e-10  1.6015e-09   3.06382e-09  5.97725e-09
0.8  3.91181e-10  5.78432e-10  9.46644e-10  1.68032e-09  3.13795e-09  6.05166e-09
1.6  5.15762e-10  6.90805e-10  1.06213e-09  1.80065e-09  3.25682e-09  6.17193e-09
3.2  6.83843e-10  9.58089e-10  1.34343e-09  2.11834e-09  3.58338e-09  6.4978e-09

Propagation Low-High
            0.05          0.1          0.2          0.4          0.8          1.6
---  -----------  -----------  -----------  -----------  -----------  -----------
0.1  2.66523e-10  4.65037e-10  8.58488e-10  1.64498e-09  3.18643e-09  6.28519e-09
0.2  2.88458e-10  4.86391e-10  8.82856e-10  1.67325e-09  3.20106e-09  6.30383e-09
0.4  3.27129e-10  5.20453e-10  9.19494e-10  1.70588e-09  3.24659e-09  6.34408e-09
0.8  4.06922e-10  6.036e-10    9.93726e-10  1.77058e-09  3.33136e-09  6.42777e-09
1.6  5.22291e-10  7.55905e-10  1.14593e-09  1.94019e-09  3.48185e-09  6.58304e-09
3.2  7.1576e-10   1.02216e-09  1.46904e-09  2.24284e-09  3.79968e-09  6.90654e-09

---------------- Timing Data for pin A2 ----------------

Rise Time
            0.05          0.1          0.2          0.4          0.8          1.6
---  -----------  -----------  -----------  -----------  -----------  -----------
0.1  4.59117e-10  8.71183e-10  1.69606e-09  3.37072e-09  6.59474e-09  1.30786e-08
0.2  4.67529e-10  8.99681e-10  1.75887e-09  3.39978e-09  6.56808e-09  1.30695e-08
0.4  5.10953e-10  9.74315e-10  1.84575e-09  3.3749e-09   6.58881e-09  1.30677e-08
0.8  5.72079e-10  9.13196e-10  1.76167e-09  3.30195e-09  6.60028e-09  1.30759e-08
1.6  7.57899e-10  1.05074e-09  1.83649e-09  3.40758e-09  6.57657e-09  1.30738e-08
3.2  1.27259e-09  1.52148e-09  2.14598e-09  3.58223e-09  6.61e-09     1.30658e-08

Fall Time
            0.05          0.1          0.2          0.4          0.8          1.6
---  -----------  -----------  -----------  -----------  -----------  -----------
0.1  4.70489e-10  8.63269e-10  1.65223e-09  3.05525e-09  5.87391e-09  1.16591e-08
0.2  4.44969e-10  8.2201e-10   1.56643e-09  3.08563e-09  5.90162e-09  1.16422e-08
0.4  4.45606e-10  8.32175e-10  1.56402e-09  3.06537e-09  5.91431e-09  1.16563e-08
0.8  5.545e-10    8.63101e-10  1.67521e-09  3.08035e-09  5.89882e-09  1.16684e-08
1.6  8.38728e-10  1.10207e-09  1.78105e-09  3.16668e-09  5.91431e-09  1.16571e-08
3.2  1.39225e-09  1.58741e-09  2.08372e-09  3.29065e-09  5.94002e-09  1.16666e-08

Propagation High-Low
            0.05          0.1          0.2          0.4          0.8          1.6
---  -----------  -----------  -----------  -----------  -----------  -----------
0.1  2.53796e-10  4.3658e-10   8.03783e-10  1.5379e-09   3.00011e-09  5.91349e-09
0.2  2.71764e-10  4.56149e-10  8.23763e-10  1.55783e-09  3.01934e-09  5.9328e-09
0.4  3.12358e-10  4.96518e-10  8.64115e-10  1.59842e-09  3.05822e-09  5.97169e-09
0.8  3.91405e-10  5.7757e-10   9.46012e-10  1.68006e-09  3.13555e-09  6.0495e-09
1.6  5.33593e-10  7.30616e-10  1.10565e-09  1.84288e-09  3.29014e-09  6.20809e-09
3.2  7.35697e-10  1.01657e-09  1.41297e-09  2.17412e-09  3.63372e-09  6.54558e-09

Propagation Low-High
            0.05          0.1          0.2          0.4          0.8          1.6
---  -----------  -----------  -----------  -----------  -----------  -----------
0.1  2.60787e-10  4.57481e-10  8.50304e-10  1.63567e-09  3.1798e-09   6.27735e-09
0.2  2.81717e-10  4.79903e-10  8.75887e-10  1.66646e-09  3.19381e-09  6.29589e-09
0.4  3.19646e-10  5.1312e-10   9.11673e-10  1.69873e-09  3.23895e-09  6.3359e-09
0.8  3.97044e-10  5.95575e-10  9.90889e-10  1.75569e-09  3.32355e-09  6.41942e-09
1.6  5.13305e-10  7.4772e-10   1.13824e-09  1.93303e-09  3.47363e-09  6.57469e-09
3.2  6.31966e-10  1.01302e-09  1.46094e-09  2.23299e-09  3.79186e-09  6.89839e-09

---------------- Timing Data for pin B1 ----------------

Rise Time
            0.05          0.1          0.2          0.4          0.8          1.6
---  -----------  -----------  -----------  -----------  -----------  -----------
0.1  3.80916e-10  7.32277e-10  1.43346e-09  2.5979e-09   5.02683e-09  9.91351e-09
0.2  3.88924e-10  7.08691e-10  1.38046e-09  2.50371e-09  5.01161e-09  9.89681e-09
0.4  4.1289e-10   7.15108e-10  1.36039e-09  2.53233e-09  5.00494e-09  9.9026e-09
0.8  4.9082e-10   7.65027e-10  1.35463e-09  2.57507e-09  5.01597e-09  9.9211e-09
1.6  7.85234e-10  9.57729e-10  1.53505e-09  2.58688e-09  5.02582e-09  9.88756e-09
3.2  1.23044e-09  1.45729e-09  1.80794e-09  2.94402e-09  5.16221e-09  9.93084e-09

Fall Time
            0.05          0.1          0.2          0.4          0.8          1.6
---  -----------  -----------  -----------  -----------  -----------  -----------
0.1  2.77515e-10  5.40079e-10  1.05527e-09  2.01615e-09  3.78861e-09  7.38551e-09
0.2  2.70351e-10  5.25075e-10  1.05312e-09  2.05263e-09  3.77987e-09  7.38237e-09
0.4  3.0779e-10   5.10014e-10  9.66565e-10  1.97617e-09  3.71205e-09  7.35092e-09
0.8  4.41701e-10  6.22736e-10  1.01182e-09  1.95473e-09  3.73039e-09  7.35711e-09
1.6  7.57044e-10  8.72929e-10  1.26819e-09  2.24159e-09  3.7303e-09   7.35488e-09
3.2  1.11235e-09  1.4508e-09   1.68674e-09  2.4233e-09   3.9153e-09   7.42342e-09

Propagation High-Low
            0.05          0.1          0.2          0.4          0.8          1.6
---  -----------  -----------  -----------  -----------  -----------  -----------
0.1  1.57158e-10  2.77828e-10  5.18672e-10  1.0001e-09   1.93356e-09  3.80638e-09
0.2  1.76763e-10  2.94945e-10  5.36562e-10  1.01836e-09  1.95404e-09  3.82695e-09
0.4  2.19928e-10  3.37764e-10  5.72486e-10  1.05333e-09  1.99463e-09  3.86791e-09
0.8  2.80069e-10  4.24939e-10  6.59677e-10  1.12873e-09  2.07469e-09  3.95125e-09
1.6  4.1568e-10   5.69466e-10  8.32742e-10  1.30194e-09  2.24013e-09  4.1224e-09
3.2  5.3565e-10   8.11808e-10  1.12521e-09  1.66937e-09  2.60729e-09  4.48277e-09

Propagation Low-High
            0.05          0.1          0.2          0.4          0.8          1.6
---  -----------  -----------  -----------  -----------  -----------  -----------
0.1  1.83052e-10  3.32254e-10  6.29595e-10  1.21901e-09  2.36162e-09  4.65684e-09
0.2  2.02922e-10  3.53133e-10  6.49744e-10  1.24164e-09  2.38184e-09  4.67212e-09
0.4  2.47731e-10  3.91698e-10  6.8864e-10   1.28055e-09  2.42326e-09  4.71358e-09
0.8  3.33695e-10  4.83826e-10  7.74035e-10  1.35914e-09  2.51012e-09  4.80912e-09
1.6  4.68822e-10  6.52378e-10  9.46342e-10  1.52782e-09  2.68969e-09  4.97883e-09
3.2  5.7117e-10   9.00112e-10  1.28138e-09  1.8854e-09   3.04803e-09  5.33627e-09