*****************************************
Characterization Data of Cell thesis_inv
*****************************************

---------------- Timing Data for pin A ----------------

Rise Time
            0.05          0.1          0.2          0.4          0.8          1.6
---  -----------  -----------  -----------  -----------  -----------  -----------
0.1  2.44262e-10  4.70619e-10  9.26521e-10  1.8311e-09   3.62127e-09  7.18349e-09
0.2  2.58873e-10  5.10239e-10  1.03598e-09  1.95766e-09  3.65229e-09  7.16266e-09
0.4  3.01007e-10  5.22145e-10  1.04587e-09  1.96037e-09  3.67559e-09  7.18615e-09
0.8  4.12624e-10  5.98095e-10  1.02042e-09  1.85233e-09  3.62158e-09  7.18322e-09
1.6  6.61585e-10  8.21839e-10  1.14488e-09  2.03511e-09  3.62679e-09  7.18975e-09
3.2  1.132e-09    1.32675e-09  1.55121e-09  2.26152e-09  3.80803e-09  7.27038e-09

Fall Time
            0.05          0.1          0.2          0.4          0.8          1.6
---  -----------  -----------  -----------  -----------  -----------  -----------
0.1  2.57704e-10  4.97409e-10  9.80191e-10  1.95032e-09  3.63608e-09  7.02432e-09
0.2  2.51681e-10  4.99786e-10  1.01409e-09  1.96989e-09  3.5943e-09   6.98593e-09
0.4  2.94886e-10  5.05478e-10  9.5374e-10   1.84801e-09  3.54975e-09  7.02664e-09
0.8  4.86051e-10  5.94791e-10  9.80034e-10  1.91781e-09  3.60272e-09  7.04144e-09
1.6  7.51886e-10  8.51205e-10  1.21837e-09  2.15861e-09  3.55132e-09  7.0256e-09
3.2  1.10005e-09  1.44241e-09  1.64472e-09  2.36337e-09  3.77654e-09  7.08204e-09

Propagation High-Low
            0.05          0.1          0.2          0.4          0.8          1.6
---  -----------  -----------  -----------  -----------  -----------  -----------
0.1  1.52849e-10  2.7166e-10   5.08716e-10  9.82497e-10  1.90604e-09  3.75801e-09
0.2  1.73118e-10  2.89379e-10  5.26702e-10  1.00093e-09  1.92642e-09  3.77853e-09
0.4  2.16339e-10  3.32663e-10  5.64767e-10  1.03634e-09  1.96705e-09  3.81952e-09
0.8  2.72684e-10  4.19964e-10  6.51739e-10  1.11554e-09  2.04748e-09  3.90488e-09
1.6  4.08561e-10  5.59161e-10  8.25347e-10  1.28856e-09  2.21607e-09  4.07579e-09
3.2  5.28349e-10  8.00398e-10  1.10737e-09  1.6568e-09   2.58246e-09  4.43581e-09

Propagation Low-High
            0.05          0.1          0.2          0.4          0.8          1.6
---  -----------  -----------  -----------  -----------  -----------  -----------
0.1  1.39495e-10  2.44576e-10  4.54388e-10  8.73964e-10  1.71179e-09  3.3496e-09
0.2  1.62094e-10  2.66094e-10  4.72948e-10  8.85758e-10  1.71166e-09  3.3728e-09
0.4  2.09694e-10  3.1317e-10   5.1919e-10   9.38682e-10  1.77541e-09  3.4151e-09
0.8  2.92239e-10  4.1111e-10   6.13639e-10  1.03732e-09  1.87162e-09  3.51299e-09
1.6  4.12496e-10  5.58536e-10  8.09498e-10  1.22194e-09  2.04977e-09  3.69872e-09
3.2  4.94232e-10  7.63925e-10  1.13206e-09  1.61187e-09  2.4337e-09   4.07267e-09