*****************************************
Characterization Data of Cell thesis_nor2
*****************************************

---------------- Timing Data for pin A1 ----------------

Rise Time
            0.05          0.1          0.2          0.4          0.8          1.6
---  -----------  -----------  -----------  -----------  -----------  -----------
0.1  5.53938e-10  1.07103e-09  1.97424e-09  3.68593e-09  7.17109e-09  1.42129e-08
0.2  5.32221e-10  1.01271e-09  1.903e-09    3.66028e-09  7.17568e-09  1.42324e-08
0.4  5.61045e-10  1.05691e-09  1.92007e-09  3.68577e-09  7.1713e-09   1.42128e-08
0.8  6.01446e-10  1.04903e-09  1.97972e-09  3.66547e-09  7.16844e-09  1.42217e-08
1.6  8.13955e-10  1.12551e-09  1.95319e-09  3.64734e-09  7.17025e-09  1.42361e-08
3.2  1.30415e-09  1.58511e-09  2.20046e-09  3.83444e-09  7.22906e-09  1.42367e-08

Fall Time
            0.05          0.1          0.2          0.4          0.8          1.6
---  -----------  -----------  -----------  -----------  -----------  -----------
0.1  2.64348e-10  5.06473e-10  1.00177e-09  1.97457e-09  3.67546e-09  7.09759e-09
0.2  2.85829e-10  5.28156e-10  1.03547e-09  1.99762e-09  3.65361e-09  7.0706e-09
0.4  3.06895e-10  5.12842e-10  9.61884e-10  1.94801e-09  3.55966e-09  7.0767e-09
0.8  4.16714e-10  6.01179e-10  1.00645e-09  1.93321e-09  3.63358e-09  7.10564e-09
1.6  7.56858e-10  8.59295e-10  1.24897e-09  2.07409e-09  3.58226e-09  7.0829e-09
3.2  1.14097e-09  1.4529e-09   1.65635e-09  2.38099e-09  3.8109e-09   7.15233e-09

Propagation High-Low
            0.05          0.1          0.2          0.4          0.8          1.6
---  -----------  -----------  -----------  -----------  -----------  -----------
0.1  1.65912e-10  2.85246e-10  5.23159e-10  9.9851e-10   1.92335e-09  3.78005e-09
0.2  1.85481e-10  3.04121e-10  5.42014e-10  1.01727e-09  1.94383e-09  3.80052e-09
0.4  2.29153e-10  3.45438e-10  5.78245e-10  1.05364e-09  1.98466e-09  3.84156e-09
0.8  2.84564e-10  4.33309e-10  6.65295e-10  1.13018e-09  2.06562e-09  3.92613e-09
1.6  4.33287e-10  5.72212e-10  8.39278e-10  1.30328e-09  2.23285e-09  4.09703e-09
3.2  5.78829e-10  8.25708e-10  1.12115e-09  1.67173e-09  2.5995e-09   4.45739e-09

Propagation Low-High
            0.05          0.1          0.2          0.4          0.8          1.6
---  -----------  -----------  -----------  -----------  -----------  -----------
0.1  2.7412e-10   4.91387e-10  9.2539e-10   1.77037e-09  3.43658e-09  6.81047e-09
0.2  2.92797e-10  5.09594e-10  9.41997e-10  1.79233e-09  3.46082e-09  6.82982e-09
0.4  3.29323e-10  5.3923e-10   9.77353e-10  1.82931e-09  3.49567e-09  6.86982e-09
0.8  4.09378e-10  6.21199e-10  1.04307e-09  1.88837e-09  3.57811e-09  6.94453e-09
1.6  5.45633e-10  7.75196e-10  1.2003e-09   2.05976e-09  3.7395e-09   7.1062e-09
3.2  6.78205e-10  1.04981e-09  1.51357e-09  2.3712e-09   4.06639e-09  7.43819e-09

---------------- Timing Data for pin B1 ----------------

Rise Time
            0.05          0.1          0.2          0.4          0.8          1.6
---  -----------  -----------  -----------  -----------  -----------  -----------
0.1  5.03154e-10  9.60407e-10  1.8517e-09   3.62971e-09  7.16645e-09  1.42347e-08
0.2  5.46241e-10  9.3337e-10   1.83166e-09  3.59804e-09  7.15336e-09  1.42345e-08
0.4  5.16781e-10  1.00339e-09  1.96119e-09  3.64839e-09  7.13463e-09  1.42282e-08
0.8  6.11288e-10  1.06492e-09  1.99646e-09  3.67977e-09  7.16127e-09  1.42185e-08
1.6  8.64664e-10  1.19787e-09  2.07442e-09  3.67942e-09  7.17334e-09  1.42362e-08
3.2  1.3493e-09   1.58512e-09  2.31591e-09  3.86795e-09  7.24968e-09  1.42261e-08

Fall Time
            0.05          0.1          0.2          0.4          0.8          1.6
---  -----------  -----------  -----------  -----------  -----------  -----------
0.1  2.6658e-10   5.15303e-10  1.00687e-09  1.99041e-09  3.72111e-09  7.21519e-09
0.2  2.642e-10    5.19226e-10  1.04316e-09  2.01513e-09  3.70246e-09  7.19575e-09
0.4  2.99008e-10  5.05076e-10  9.58266e-10  1.94588e-09  3.60415e-09  7.17382e-09
0.8  4.28532e-10  5.97491e-10  1.13856e-09  2.03106e-09  3.70057e-09  7.18773e-09
1.6  7.53186e-10  8.58582e-10  1.24816e-09  2.12355e-09  3.63473e-09  7.1741e-09
3.2  1.10814e-09  1.44747e-09  1.6601e-09   2.3917e-09   3.8497e-09   7.26057e-09

Propagation High-Low
            0.05          0.1          0.2          0.4          0.8          1.6
---  -----------  -----------  -----------  -----------  -----------  -----------
0.1  1.57816e-10  2.78815e-10  5.20362e-10  1.00322e-09  1.94252e-09  3.82816e-09
0.2  1.77589e-10  2.9668e-10   5.3894e-10   1.02214e-09  1.96313e-09  3.84886e-09
0.4  2.20763e-10  3.39238e-10  5.7528e-10   1.05849e-09  2.00402e-09  3.89006e-09
0.8  2.78036e-10  4.26372e-10  6.62406e-10  1.13413e-09  2.08503e-09  3.97276e-09
1.6  4.1551e-10   5.66515e-10  8.35594e-10  1.3074e-09   2.25088e-09  4.14402e-09
3.2  5.35454e-10  8.1057e-10   1.11913e-09  1.67451e-09  2.61757e-09  4.50456e-09

Propagation Low-High
            0.05          0.1          0.2          0.4          0.8          1.6
---  -----------  -----------  -----------  -----------  -----------  -----------
0.1  2.55379e-10  4.69927e-10  8.98458e-10  1.75139e-09  3.42692e-09  6.79271e-09
0.2  2.71897e-10  4.88151e-10  9.13845e-10  1.76474e-09  3.44736e-09  6.81124e-09
0.4  3.12795e-10  5.25726e-10  9.47856e-10  1.79111e-09  3.48429e-09  6.84814e-09
0.8  3.99681e-10  6.08287e-10  1.02728e-09  1.88395e-09  3.56085e-09  6.93075e-09
1.6  5.33228e-10  7.74843e-10  1.1882e-09   2.04735e-09  3.72125e-09  7.08787e-09
3.2  6.8657e-10   1.05465e-09  1.52526e-09  2.37175e-09  4.03973e-09  7.41192e-09