*****************************************
Characterization Data of Cell thesis_aoi211
*****************************************

---------------- Timing Data for pin A2 ----------------

Rise Time
            0.05          0.1          0.2          0.4          0.8          1.6
---  -----------  -----------  -----------  -----------  -----------  -----------
0.1  7.24429e-10  1.28705e-09  2.57262e-09  4.81385e-09  9.45756e-09  1.88106e-08
0.2  7.73121e-10  1.45963e-09  2.54298e-09  4.84479e-09  9.48855e-09  1.88184e-08
0.4  7.78613e-10  1.44914e-09  2.56562e-09  4.83082e-09  9.48493e-09  1.882e-08
0.8  7.80032e-10  1.33943e-09  2.5082e-09   4.83944e-09  9.47603e-09  1.88012e-08
1.6  8.85569e-10  1.47055e-09  2.58222e-09  4.83596e-09  9.48553e-09  1.88202e-08
3.2  1.10469e-09  1.79178e-09  2.76339e-09  4.93944e-09  9.48147e-09  1.88031e-08

Fall Time
            0.05          0.1          0.2          0.4          0.8          1.6
---  -----------  -----------  -----------  -----------  -----------  -----------
0.1  4.88219e-10  9.17683e-10  1.70894e-09  3.08447e-09  5.91448e-09  1.17343e-08
0.2  4.91762e-10  8.6723e-10   1.63758e-09  3.11969e-09  5.94442e-09  1.17225e-08
0.4  4.87768e-10  8.32459e-10  1.57116e-09  3.11482e-09  5.96336e-09  1.172e-08
0.8  5.87831e-10  9.59372e-10  1.69573e-09  3.10172e-09  5.93118e-09  1.17306e-08
1.6  8.21372e-10  1.08881e-09  1.81381e-09  3.2061e-09   5.96378e-09  1.17225e-08
3.2  1.30133e-09  1.51794e-09  2.03622e-09  3.32118e-09  5.97586e-09  1.17387e-08

Propagation High-Low
            0.05          0.1          0.2          0.4          0.8          1.6
---  -----------  -----------  -----------  -----------  -----------  -----------
0.1  2.85259e-10  4.70076e-10  8.35317e-10  1.57234e-09  3.04182e-09  5.96641e-09
0.2  3.0189e-10   4.8653e-10   8.54253e-10  1.59029e-09  3.06084e-09  5.98559e-09
0.4  3.3673e-10   5.23137e-10  8.92546e-10  1.62863e-09  3.09865e-09  6.02326e-09
0.8  4.14257e-10  6.01395e-10  9.70516e-10  1.70692e-09  3.17357e-09  6.098e-09
1.6  5.38436e-10  7.13659e-10  1.08851e-09  1.82878e-09  3.29238e-09  6.21803e-09
3.2  7.30068e-10  9.74208e-10  1.37104e-09  2.1474e-09   3.61784e-09  6.54341e-09

Propagation Low-High
            0.05          0.1          0.2          0.4          0.8          1.6
---  -----------  -----------  -----------  -----------  -----------  -----------
0.1  3.97506e-10  6.86691e-10  1.2647e-09   2.39988e-09  4.68603e-09  9.251e-09
0.2  4.18717e-10  7.1102e-10   1.30466e-09  2.42941e-09  4.70571e-09  9.27156e-09
0.4  4.45956e-10  7.41128e-10  1.33e-09     2.46272e-09  4.73725e-09  9.30132e-09
0.8  5.22848e-10  8.15193e-10  1.39622e-09  2.53166e-09  4.80852e-09  9.37756e-09
1.6  6.35894e-10  9.27681e-10  1.5002e-09   2.65779e-09  4.93263e-09  9.49685e-09
3.2  8.22752e-10  1.1621e-09   1.75316e-09  2.89714e-09  5.17568e-09  9.7436e-09

---------------- Timing Data for pin A1 ----------------

Rise Time
            0.05          0.1          0.2          0.4          0.8          1.6
---  -----------  -----------  -----------  -----------  -----------  -----------
0.1  6.91544e-10  1.26147e-09  2.55312e-09  4.80236e-09  9.44533e-09  1.87952e-08
0.2  7.53088e-10  1.4379e-09   2.51602e-09  4.8329e-09   9.47451e-09  1.88038e-08
0.4  7.58442e-10  1.42479e-09  2.54853e-09  4.81882e-09  9.47132e-09  1.88053e-08
0.8  7.74048e-10  1.33211e-09  2.48451e-09  4.8371e-09   9.46257e-09  1.87869e-08
1.6  8.85031e-10  1.44833e-09  2.53738e-09  4.81865e-09  9.47046e-09  1.88057e-08
3.2  1.32495e-09  1.78537e-09  2.74529e-09  4.92665e-09  9.46939e-09  1.87877e-08

Fall Time
            0.05          0.1          0.2          0.4          0.8          1.6
---  -----------  -----------  -----------  -----------  -----------  -----------
0.1  4.91551e-10  9.10496e-10  1.69794e-09  3.09029e-09  5.91877e-09  1.17333e-08
0.2  4.86701e-10  8.70799e-10  1.62438e-09  3.12223e-09  5.94776e-09  1.17198e-08
0.4  4.89547e-10  8.41691e-10  1.58194e-09  3.11108e-09  5.9639e-09   1.17223e-08
0.8  6.02281e-10  9.69808e-10  1.69859e-09  3.10877e-09  5.9406e-09   1.17245e-08
1.6  8.57046e-10  1.12323e-09  1.82853e-09  3.20725e-09  5.96356e-09  1.17217e-08
3.2  1.42919e-09  1.61545e-09  2.12364e-09  3.30783e-09  5.99965e-09  1.174e-08

Propagation High-Low
            0.05          0.1          0.2          0.4          0.8          1.6
---  -----------  -----------  -----------  -----------  -----------  -----------
0.1  2.77305e-10  4.60789e-10  8.28222e-10  1.56531e-09  3.03462e-09  5.95916e-09
0.2  2.91947e-10  4.78155e-10  8.47833e-10  1.58505e-09  3.05378e-09  5.97829e-09
0.4  3.31553e-10  5.17947e-10  8.87868e-10  1.62539e-09  3.09268e-09  6.01715e-09
0.8  4.13753e-10  6.00346e-10  9.69737e-10  1.70682e-09  3.17042e-09  6.09504e-09
1.6  5.53421e-10  7.56232e-10  1.1307e-09   1.86989e-09  3.32516e-09  6.2526e-09
3.2  7.77834e-10  1.04224e-09  1.44148e-09  2.20193e-09  3.66711e-09  6.59026e-09

Propagation Low-High
            0.05          0.1          0.2          0.4          0.8          1.6
---  -----------  -----------  -----------  -----------  -----------  -----------
0.1  3.8763e-10   6.76831e-10  1.25487e-09  2.38913e-09  4.67491e-09  9.24004e-09
0.2  4.08728e-10  7.05155e-10  1.29437e-09  2.42246e-09  4.69456e-09  9.26071e-09
0.4  4.34819e-10  7.28892e-10  1.31919e-09  2.45244e-09  4.72624e-09  9.2906e-09
0.8  5.11391e-10  8.03563e-10  1.38582e-09  2.52082e-09  4.7971e-09   9.36638e-09
1.6  6.1939e-10   9.15473e-10  1.50795e-09  2.64641e-09  4.92145e-09  9.48559e-09
3.2  7.98775e-10  1.15082e-09  1.7407e-09   2.88572e-09  5.16371e-09  9.73223e-09

---------------- Timing Data for pin B1 ----------------

Rise Time
            0.05          0.1          0.2          0.4          0.8          1.6
---  -----------  -----------  -----------  -----------  -----------  -----------
0.1  6.04858e-10  1.16472e-09  2.11318e-09  3.99853e-09  7.85965e-09  1.56434e-08
0.2  6.08154e-10  1.14502e-09  2.08114e-09  3.96868e-09  7.87649e-09  1.56387e-08
0.4  6.37288e-10  1.17291e-09  2.12016e-09  4.00087e-09  7.85953e-09  1.56427e-08
0.8  6.58473e-10  1.20763e-09  2.16932e-09  4.03973e-09  7.86539e-09  1.56438e-08
1.6  8.52925e-10  1.2535e-09   2.15307e-09  3.97051e-09  7.87867e-09  1.5639e-08
3.2  1.34299e-09  1.65831e-09  2.37591e-09  4.10972e-09  7.9242e-09   1.56287e-08

Fall Time
            0.05          0.1          0.2          0.4          0.8          1.6
---  -----------  -----------  -----------  -----------  -----------  -----------
0.1  2.81785e-10  5.4558e-10   1.06118e-09  2.05841e-09  3.86424e-09  7.52687e-09
0.2  3.10047e-10  5.72322e-10  1.12027e-09  2.09342e-09  3.8702e-09   7.53426e-09
0.4  3.22456e-10  5.47206e-10  1.05041e-09  2.09031e-09  3.84281e-09  7.52912e-09
0.8  4.94472e-10  6.22217e-10  1.03935e-09  1.98538e-09  3.78716e-09  7.49051e-09
1.6  7.64268e-10  8.82469e-10  1.30932e-09  2.29793e-09  3.84115e-09  7.52615e-09
3.2  1.1679e-09   1.4661e-09   1.69987e-09  2.45081e-09  3.97828e-09  7.55212e-09

Propagation High-Low
            0.05          0.1          0.2          0.4          0.8          1.6
---  -----------  -----------  -----------  -----------  -----------  -----------
0.1  1.74032e-10  2.97161e-10  5.42332e-10  1.03203e-09  1.97898e-09  3.88281e-09
0.2  1.93772e-10  3.16558e-10  5.61521e-10  1.05098e-09  1.99965e-09  3.9034e-09
0.4  2.36724e-10  3.56125e-10  5.97274e-10  1.08785e-09  2.04068e-09  3.94456e-09
0.8  2.958e-10    4.43766e-10  6.81874e-10  1.15829e-09  2.12197e-09  4.02672e-09
1.6  4.47208e-10  5.87658e-10  8.55407e-10  1.33171e-09  2.28415e-09  4.19631e-09
3.2  5.95931e-10  8.46411e-10  1.14698e-09  1.69898e-09  2.65176e-09  4.55755e-09

Propagation Low-High
            0.05          0.1          0.2          0.4          0.8          1.6
---  -----------  -----------  -----------  -----------  -----------  -----------
0.1  3.10712e-10  5.53385e-10  1.03811e-09  1.97592e-09  3.84471e-09  7.60244e-09
0.2  3.2913e-10   5.70942e-10  1.05338e-09  1.99315e-09  3.86428e-09  7.6231e-09
0.4  3.65511e-10  6.06541e-10  1.09272e-09  2.03464e-09  3.90347e-09  7.66129e-09
0.8  4.46906e-10  6.81348e-10  1.14886e-09  2.10693e-09  3.97603e-09  7.73944e-09
1.6  5.66194e-10  8.32358e-10  1.30949e-09  2.26422e-09  4.13731e-09  7.89644e-09
3.2  7.56064e-10  1.11574e-09  1.62124e-09  2.57075e-09  4.45692e-09  8.22197e-09

---------------- Timing Data for pin C1 ----------------

Rise Time
            0.05          0.1          0.2          0.4          0.8          1.6
---  -----------  -----------  -----------  -----------  -----------  -----------
0.1  5.58112e-10  1.06989e-09  2.108e-09    4.02919e-09  7.88876e-09  1.56208e-08
0.2  5.60543e-10  1.1193e-09   2.14787e-09  4.04088e-09  7.88692e-09  1.5626e-08
0.4  6.23454e-10  1.16319e-09  2.17459e-09  4.04432e-09  7.87167e-09  1.56396e-08
0.8  6.72805e-10  1.19372e-09  2.15915e-09  4.0247e-09   7.84994e-09  1.56442e-08
1.6  8.98064e-10  1.31542e-09  2.193e-09    3.98359e-09  7.88609e-09  1.5632e-08
3.2  1.39186e-09  1.61675e-09  2.44813e-09  4.12473e-09  7.93124e-09  1.56424e-08

Fall Time
            0.05          0.1          0.2          0.4          0.8          1.6
---  -----------  -----------  -----------  -----------  -----------  -----------
0.1  2.85229e-10  5.48791e-10  1.04493e-09  2.03462e-09  3.82241e-09  7.44839e-09
0.2  2.80253e-10  5.39352e-10  1.07381e-09  2.07155e-09  3.82063e-09  7.45074e-09
0.4  3.10093e-10  5.24233e-10  9.83102e-10  2.02103e-09  3.76472e-09  7.42979e-09
0.8  4.14554e-10  6.20022e-10  1.16723e-09  2.02956e-09  3.81291e-09  7.44896e-09
1.6  7.57666e-10  9.57913e-10  1.28404e-09  2.2671e-09   3.87473e-09  7.43228e-09
3.2  1.12484e-09  1.45458e-09  1.68882e-09  2.43216e-09  3.94173e-09  7.47924e-09

Propagation High-Low
            0.05          0.1          0.2          0.4          0.8          1.6
---  -----------  -----------  -----------  -----------  -----------  -----------
0.1  1.62462e-10  2.84647e-10  5.2857e-10   1.01618e-09  1.96109e-09  3.859e-09
0.2  1.81631e-10  3.02675e-10  5.47129e-10  1.035e-09    1.98176e-09  3.87974e-09
0.4  2.24898e-10  3.44187e-10  5.81784e-10  1.07109e-09  2.02267e-09  3.92091e-09
0.8  2.84758e-10  4.3126e-10   6.69071e-10  1.14389e-09  2.1035e-09   4.00293e-09
1.6  4.23507e-10  5.75102e-10  8.41975e-10  1.31735e-09  2.26709e-09  4.17365e-09
3.2  5.46536e-10  8.2117e-10   1.13275e-09  1.68397e-09  2.63431e-09  4.53445e-09

Propagation Low-High
            0.05          0.1          0.2          0.4          0.8          1.6
---  -----------  -----------  -----------  -----------  -----------  -----------
0.1  2.83157e-10  5.20714e-10  9.95366e-10  1.94021e-09  3.81965e-09  7.58206e-09
0.2  3.03216e-10  5.39097e-10  1.01135e-09  1.95536e-09  3.83761e-09  7.60154e-09
0.4  3.40896e-10  5.75919e-10  1.0498e-09   2.00092e-09  3.87158e-09  7.63783e-09
0.8  4.24245e-10  6.57593e-10  1.13295e-09  2.08684e-09  3.95458e-09  7.7135e-09
1.6  5.58061e-10  8.20949e-10  1.28624e-09  2.23521e-09  4.10836e-09  7.86781e-09
3.2  7.68073e-10  1.10593e-09  1.61846e-09  2.55554e-09  4.42473e-09  8.17984e-09