*****************************************
Characterization Data of Cell thesis_aoi22
*****************************************

---------------- Timing Data for pin A2 ----------------

Rise Time
            0.05          0.1          0.2          0.4          0.8          1.6
---  -----------  -----------  -----------  -----------  -----------  -----------
0.1  4.16774e-10  7.81374e-10  1.51046e-09  2.81664e-09  5.39947e-09  1.0618e-08
0.2  4.05306e-10  7.48842e-10  1.45032e-09  2.81321e-09  5.36957e-09  1.06079e-08
0.4  4.36096e-10  7.26131e-10  1.41769e-09  2.82452e-09  5.39637e-09  1.06092e-08
0.8  5.27203e-10  8.16287e-10  1.41847e-09  2.82512e-09  5.3866e-09   1.05951e-08
1.6  7.17212e-10  9.14319e-10  1.61259e-09  2.75816e-09  5.34654e-09  1.06242e-08
3.2  9.97184e-10  1.48089e-09  1.87672e-09  3.03367e-09  5.44997e-09  1.06295e-08

Fall Time
            0.05          0.1          0.2          0.4          0.8          1.6
---  -----------  -----------  -----------  -----------  -----------  -----------
0.1  4.83857e-10  9.03404e-10  1.69762e-09  3.03528e-09  5.80945e-09  1.14663e-08
0.2  4.86857e-10  8.58175e-10  1.56954e-09  3.06921e-09  5.83364e-09  1.14671e-08
0.4  4.78227e-10  8.21127e-10  1.55121e-09  3.05784e-09  5.84168e-09  1.14866e-08
0.8  5.73565e-10  8.61442e-10  1.58658e-09  3.07266e-09  5.80682e-09  1.14893e-08
1.6  8.12717e-10  1.07581e-09  1.77345e-09  3.14477e-09  5.8405e-09   1.14886e-08
3.2  1.29493e-09  1.50584e-09  2.00763e-09  3.27805e-09  5.87724e-09  1.14712e-08

Propagation High-Low
            0.05          0.1          0.2          0.4          0.8          1.6
---  -----------  -----------  -----------  -----------  -----------  -----------
0.1  2.88807e-10  4.72261e-10  8.3445e-10   1.56732e-09  3.02886e-09  5.94094e-09
0.2  3.06124e-10  4.88951e-10  8.53621e-10  1.58562e-09  3.04817e-09  5.96043e-09
0.4  3.40007e-10  5.24625e-10  8.91745e-10  1.62402e-09  3.08616e-09  5.99828e-09
0.8  4.17818e-10  6.02288e-10  9.68808e-10  1.70177e-09  3.16114e-09  6.07316e-09
1.6  5.36485e-10  7.141e-10    1.08739e-09  1.82328e-09  3.28063e-09  6.19381e-09
3.2  7.30342e-10  9.72307e-10  1.36767e-09  2.1432e-09   3.60648e-09  6.51963e-09

Propagation Low-High
            0.05          0.1          0.2          0.4          0.8          1.6
---  -----------  -----------  -----------  -----------  -----------  -----------
0.1  2.35534e-10  3.94775e-10  7.12842e-10  1.34851e-09  2.62407e-09  5.14867e-09
0.2  2.59265e-10  4.20692e-10  7.44019e-10  1.38385e-09  2.63903e-09  5.17293e-09
0.4  3.02982e-10  4.63432e-10  7.83162e-10  1.41875e-09  2.68571e-09  5.21661e-09
0.8  3.86471e-10  5.46416e-10  8.72226e-10  1.51501e-09  2.76637e-09  5.30443e-09
1.6  5.1157e-10   7.1765e-10   1.04171e-09  1.69149e-09  2.95436e-09  5.48002e-09
3.2  6.35999e-10  9.95094e-10  1.37842e-09  2.03434e-09  3.31349e-09  5.83446e-09

---------------- Timing Data for pin A1 ----------------

Rise Time
            0.05          0.1          0.2          0.4          0.8          1.6
---  -----------  -----------  -----------  -----------  -----------  -----------
0.1  4.14574e-10  7.75966e-10  1.50215e-09  2.80865e-09  5.39174e-09  1.06095e-08
0.2  3.93273e-10  7.3306e-10   1.42041e-09  2.81296e-09  5.37183e-09  1.05937e-08
0.4  4.30772e-10  7.1976e-10   1.40653e-09  2.76201e-09  5.38865e-09  1.06014e-08
0.8  5.22063e-10  8.13086e-10  1.41398e-09  2.8146e-09   5.37839e-09  1.05877e-08
1.6  7.16919e-10  9.01173e-10  1.60765e-09  2.7444e-09   5.34088e-09  1.06168e-08
3.2  1.25818e-09  1.47223e-09  1.88817e-09  3.0265e-09   5.44272e-09  1.06216e-08

Fall Time
            0.05          0.1          0.2          0.4          0.8          1.6
---  -----------  -----------  -----------  -----------  -----------  -----------
0.1  4.80592e-10  9.13624e-10  1.68614e-09  3.04096e-09  5.81293e-09  1.14645e-08
0.2  4.79473e-10  8.95625e-10  1.67588e-09  3.07382e-09  5.8365e-09   1.14662e-08
0.4  4.79756e-10  8.31651e-10  1.56069e-09  3.04979e-09  5.8407e-09   1.14875e-08
0.8  5.81279e-10  8.60933e-10  1.56729e-09  3.05773e-09  5.84225e-09  1.14806e-08
1.6  8.45664e-10  1.10965e-09  1.79504e-09  3.14678e-09  5.84095e-09  1.14883e-08
3.2  1.42587e-09  1.59411e-09  2.07567e-09  3.2655e-09   5.87943e-09  1.14767e-08

Propagation High-Low
            0.05          0.1          0.2          0.4          0.8          1.6
---  -----------  -----------  -----------  -----------  -----------  -----------
0.1  2.81011e-10  4.62946e-10  8.27205e-10  1.56015e-09  3.02155e-09  5.93356e-09
0.2  2.96668e-10  4.79805e-10  8.46863e-10  1.57994e-09  3.04088e-09  5.95297e-09
0.4  3.34311e-10  5.18868e-10  8.86469e-10  1.62014e-09  3.07996e-09  5.99195e-09
0.8  4.16931e-10  6.00938e-10  9.67465e-10  1.70093e-09  3.15776e-09  6.06994e-09
1.6  5.52264e-10  7.57324e-10  1.12903e-09  1.86326e-09  3.31307e-09  6.22826e-09
3.2  7.7723e-10   1.03915e-09  1.43882e-09  2.19706e-09  3.65492e-09  6.56549e-09

Propagation Low-High
            0.05          0.1          0.2          0.4          0.8          1.6
---  -----------  -----------  -----------  -----------  -----------  -----------
0.1  2.29696e-10  3.88884e-10  7.06907e-10  1.34269e-09  2.61801e-09  5.14279e-09
0.2  2.53283e-10  4.14512e-10  7.3689e-10   1.38143e-09  2.63074e-09  5.16694e-09
0.4  2.95976e-10  4.57562e-10  7.77279e-10  1.41523e-09  2.67982e-09  5.21052e-09
0.8  3.79553e-10  5.40063e-10  8.66205e-10  1.50581e-09  2.7603e-09   5.29834e-09
1.6  5.04035e-10  7.10607e-10  1.03519e-09  1.6849e-09   2.94836e-09  5.4737e-09
3.2  6.15973e-10  9.86873e-10  1.36755e-09  2.02768e-09  3.3069e-09   5.82826e-09

---------------- Timing Data for pin B1 ----------------

Rise Time
            0.05          0.1          0.2          0.4          0.8          1.6
---  -----------  -----------  -----------  -----------  -----------  -----------
0.1  3.96015e-10  7.54553e-10  1.51519e-09  2.67228e-09  5.23573e-09  1.03318e-08
0.2  4.04002e-10  7.4499e-10   1.44715e-09  2.67612e-09  5.1859e-09   1.03446e-08
0.4  4.30067e-10  7.38908e-10  1.39921e-09  2.68999e-09  5.17686e-09  1.03441e-08
0.8  5.15188e-10  7.86577e-10  1.52224e-09  2.63404e-09  5.2391e-09   1.0313e-08
1.6  7.86941e-10  9.74143e-10  1.60652e-09  2.65212e-09  5.20595e-09  1.03447e-08
3.2  1.25033e-09  1.46935e-09  1.84539e-09  3.02146e-09  5.37417e-09  1.03238e-08

Fall Time
            0.05          0.1          0.2          0.4          0.8          1.6
---  -----------  -----------  -----------  -----------  -----------  -----------
0.1  4.29903e-10  8.22593e-10  1.61412e-09  3.02592e-09  5.82743e-09  1.15691e-08
0.2  4.07127e-10  7.65515e-10  1.50822e-09  3.05692e-09  5.85435e-09  1.15503e-08
0.4  4.59642e-10  8.30947e-10  1.55943e-09  3.02459e-09  5.86138e-09  1.15746e-08
0.8  5.52888e-10  8.50834e-10  1.66661e-09  2.93997e-09  5.83875e-09  1.15827e-08
1.6  8.20364e-10  1.08392e-09  1.76356e-09  3.13028e-09  5.86169e-09  1.15754e-08
3.2  1.36139e-09  1.56175e-09  2.0404e-09   3.26797e-09  5.89687e-09  1.15758e-08

Propagation High-Low
            0.05          0.1          0.2          0.4          0.8          1.6
---  -----------  -----------  -----------  -----------  -----------  -----------
0.1  2.33768e-10  4.19479e-10  7.90212e-10  1.53117e-09  3.00794e-09  5.9535e-09
0.2  2.53559e-10  4.39532e-10  8.10456e-10  1.55163e-09  3.02763e-09  5.97322e-09
0.4  2.92857e-10  4.79675e-10  8.50854e-10  1.59219e-09  3.06651e-09  6.01226e-09
0.8  3.63648e-10  5.57506e-10  9.31749e-10  1.67341e-09  3.14376e-09  6.09014e-09
1.6  5.13433e-10  7.09808e-10  1.08941e-09  1.8351e-09   3.29805e-09  6.24781e-09
3.2  6.88311e-10  9.90793e-10  1.39384e-09  2.16561e-09  3.64086e-09  6.58477e-09

Propagation Low-High
            0.05          0.1          0.2          0.4          0.8          1.6
---  -----------  -----------  -----------  -----------  -----------  -----------
0.1  1.91926e-10  3.46152e-10  6.53434e-10  1.26781e-09  2.4463e-09   4.81817e-09
0.2  2.11175e-10  3.66344e-10  6.73711e-10  1.28442e-09  2.46232e-09  4.83792e-09
0.4  2.55133e-10  4.05822e-10  7.13387e-10  1.32313e-09  2.5034e-09   4.88135e-09
0.8  3.41396e-10  4.95341e-10  7.94264e-10  1.40803e-09  2.59556e-09  4.97075e-09
1.6  4.73483e-10  6.65199e-10  9.67143e-10  1.57321e-09  2.76903e-09  5.13786e-09
3.2  5.72363e-10  8.82824e-10  1.30329e-09  1.92562e-09  3.12219e-09  5.49384e-09

---------------- Timing Data for pin B2 ----------------

Rise Time
            0.05          0.1          0.2          0.4          0.8          1.6
---  -----------  -----------  -----------  -----------  -----------  -----------
0.1  4.06588e-10  7.68723e-10  1.49161e-09  2.62882e-09  5.22684e-09  1.03496e-08
0.2  4.11956e-10  7.53774e-10  1.45928e-09  2.67794e-09  5.21265e-09  1.03522e-08
0.4  4.36586e-10  7.35941e-10  1.40673e-09  2.70401e-09  5.18462e-09  1.03516e-08
0.8  5.22304e-10  7.92117e-10  1.45634e-09  2.65409e-09  5.24139e-09  1.03317e-08
1.6  7.54715e-10  9.76305e-10  1.61452e-09  2.65818e-09  5.21339e-09  1.03521e-08
3.2  1.25433e-09  1.50038e-09  1.85354e-09  3.02506e-09  5.38153e-09  1.03322e-08

Fall Time
            0.05          0.1          0.2          0.4          0.8          1.6
---  -----------  -----------  -----------  -----------  -----------  -----------
0.1  4.35575e-10  8.29371e-10  1.62409e-09  3.02245e-09  5.82485e-09  1.15698e-08
0.2  4.03513e-10  7.75478e-10  1.52417e-09  3.05581e-09  5.85262e-09  1.1547e-08
0.4  4.57892e-10  7.9585e-10   1.51581e-09  3.054e-09    5.86176e-09  1.1564e-08
0.8  5.43979e-10  8.71047e-10  1.58028e-09  3.03689e-09  5.86232e-09  1.15735e-08
1.6  7.93193e-10  1.05122e-09  1.73661e-09  3.12783e-09  5.86134e-09  1.15759e-08
3.2  1.19743e-09  1.49774e-09  2.00206e-09  3.27755e-09  5.89472e-09  1.1572e-08

Propagation High-Low
            0.05          0.1          0.2          0.4          0.8          1.6
---  -----------  -----------  -----------  -----------  -----------  -----------
0.1  2.40195e-10  4.25606e-10  7.95836e-10  1.53586e-09  3.01494e-09  5.96055e-09
0.2  2.59591e-10  4.44804e-10  8.14292e-10  1.55269e-09  3.0346e-09   5.98039e-09
0.4  2.97994e-10  4.83513e-10  8.5304e-10   1.59103e-09  3.07265e-09  6.0185e-09
0.8  3.64075e-10  5.59604e-10  9.3095e-10   1.66958e-09  3.14824e-09  6.09385e-09
1.6  4.87748e-10  6.73948e-10  1.04699e-09  1.79661e-09  3.26388e-09  6.21358e-09
3.2  6.34124e-10  9.32595e-10  1.32758e-09  2.11212e-09  3.59295e-09  6.53961e-09

Propagation Low-High
            0.05          0.1          0.2          0.4          0.8          1.6
---  -----------  -----------  -----------  -----------  -----------  -----------
0.1  1.97195e-10  3.51256e-10  6.58937e-10  1.27373e-09  2.45035e-09  4.81951e-09
0.2  2.17184e-10  3.71667e-10  6.78819e-10  1.28996e-09  2.47022e-09  4.83967e-09
0.4  2.60621e-10  4.11727e-10  7.1855e-10   1.32825e-09  2.50878e-09  4.88652e-09
0.8  3.47338e-10  5.00893e-10  7.99787e-10  1.41451e-09  2.60236e-09  4.97533e-09
1.6  4.80611e-10  6.71928e-10  9.73194e-10  1.57894e-09  2.77436e-09  5.14307e-09
3.2  6.4877e-10   9.02096e-10  1.30956e-09  1.93176e-09  3.12804e-09  5.49933e-09