*****************************************
Characterization Data of Cell thesis_buff
*****************************************

---------------- Timing Data for pin A1 ----------------

Rise Time
            0.05          0.1          0.2          0.4          0.8          1.6
---  -----------  -----------  -----------  -----------  -----------  -----------
0.1  2.57297e-10  5.14466e-10  1.02867e-09  1.92691e-09  3.58131e-09  7.01578e-09
0.2  2.60314e-10  4.8554e-10   9.44616e-10  1.83725e-09  3.58714e-09  7.06543e-09
0.4  2.72465e-10  5.08415e-10  9.70279e-10  1.88485e-09  3.55923e-09  7.0261e-09
0.8  3.49144e-10  5.50426e-10  9.91557e-10  1.9177e-09   3.58177e-09  7.01657e-09
1.6  5.397e-10    6.88936e-10  1.08306e-09  1.91882e-09  3.59204e-09  7.02255e-09
3.2  9.00167e-10  9.75153e-10  1.28744e-09  2.09048e-09  3.6305e-09   7.06347e-09

Fall Time
            0.05          0.1          0.2          0.4          0.8          1.6
---  -----------  -----------  -----------  -----------  -----------  -----------
0.1  2.54103e-10  4.88361e-10  9.68389e-10  1.92417e-09  3.64066e-09  7.09162e-09
0.2  2.62795e-10  4.95045e-10  9.89276e-10  1.94756e-09  3.65834e-09  7.08726e-09
0.4  2.9605e-10   4.98578e-10  9.47665e-10  1.89897e-09  3.61768e-09  7.08841e-09
0.8  3.36795e-10  5.50857e-10  9.47626e-10  1.96755e-09  3.60334e-09  7.03839e-09
1.6  5.64067e-10  7.10701e-10  9.94896e-10  1.96813e-09  3.63095e-09  7.04227e-09
3.2  8.48998e-10  1.07172e-09  1.34217e-09  2.15531e-09  3.76805e-09  7.0572e-09

Propagation High-Low
            0.05          0.1          0.2          0.4          0.8          1.6
---  -----------  -----------  -----------  -----------  -----------  -----------
0.1  1.84615e-10  3.02882e-10  5.38982e-10  1.01081e-09  1.94545e-09  3.80743e-09
0.2  2.07218e-10  3.26649e-10  5.6411e-10   1.03802e-09  1.97026e-09  3.83071e-09
0.4  2.44978e-10  3.63028e-10  5.98324e-10  1.0685e-09   2.00442e-09  3.86786e-09
0.8  3.08848e-10  3.75969e-10  6.55921e-10  1.12202e-09  2.06006e-09  3.92213e-09
1.6  2.59379e-10  5.29389e-10  6.53382e-10  1.12083e-09  2.06066e-09  3.92032e-09
3.2  3.78112e-10  5.0041e-10   8.76231e-10  1.39224e-09  2.31177e-09  4.17644e-09

Propagation Low-High
            0.05          0.1          0.2          0.4          0.8          1.6
---  -----------  -----------  -----------  -----------  -----------  -----------
0.1  1.6377e-10   2.6604e-10   4.69078e-10  8.746e-10    1.68509e-09  3.25747e-09
0.2  1.79697e-10  2.81217e-10  4.86515e-10  8.96613e-10  1.69945e-09  3.2719e-09
0.4  2.30403e-10  3.29258e-10  5.27934e-10  9.25638e-10  1.72109e-09  3.3239e-09
0.8  2.61918e-10  3.52196e-10  5.46867e-10  9.46988e-10  1.76768e-09  3.33575e-09
1.6  2.87537e-10  4.03882e-10  6.13672e-10  9.92555e-10  1.80191e-09  3.38114e-09
3.2  1.04229e-10  2.85353e-10  5.33661e-10  9.19166e-10  1.69307e-09  3.29521e-09